0	0.0558253	0.394467	0
0.015625	0.0622691	0.430141	0.000921886
0.03125	0.0692607	0.464581	0.00194876
0.046875	0.0767805	0.497735	0.00308904
0.0625	0.084808	0.529552	0.0043508
0.078125	0.0933218	0.559983	0.00574182
0.09375	0.1023	0.588983	0.00726952
0.109375	0.11172	0.616508	0.00894099
0.125	0.121558	0.642519	0.0107629
0.140625	0.13179	0.666976	0.0127417
0.15625	0.142393	0.689845	0.0148833
0.171875	0.15334	0.711094	0.0171933
0.1875	0.164606	0.730693	0.0196769
0.203125	0.176165	0.748615	0.0223388
0.21875	0.187991	0.764837	0.0251834
0.234375	0.200057	0.779338	0.0282147
0.25	0.212336	0.7921	0.0314363
0.265625	0.224801	0.80311	0.0348512
0.28125	0.237424	0.812356	0.0384622
0.296875	0.250178	0.819829	0.0422714
0.3125	0.263035	0.825523	0.0462808
0.328125	0.275967	0.829438	0.0504916
0.34375	0.288945	0.831572	0.054905
0.359375	0.301944	0.83193	0.0595213
0.375	0.314934	0.830518	0.0643407
0.390625	0.327888	0.827346	0.0693628
0.40625	0.34078	0.822426	0.0745869
0.421875	0.35358	0.815773	0.0800117
0.4375	0.366264	0.807406	0.0856356
0.453125	0.378803	0.797345	0.0914567
0.46875	0.391172	0.785614	0.0974723
0.484375	0.403345	0.772237	0.10368
0.5	0.415296	0.757244	0.110076
0.515625	0.427	0.740665	0.116656
0.53125	0.438434	0.722534	0.123418
0.546875	0.449572	0.702885	0.130356
0.5625	0.460391	0.681756	0.137465
0.578125	0.470869	0.659186	0.144741
0.59375	0.480983	0.635216	0.152178
0.609375	0.490712	0.609891	0.15977
0.625	0.500035	0.583253	0.167511
0.640625	0.508932	0.55535	0.175394
0.65625	0.517384	0.526229	0.183413
0.671875	0.525371	0.49594	0.19156
0.6875	0.532876	0.464533	0.199828
0.703125	0.539882	0.432058	0.20821
0.71875	0.546373	0.398569	0.216697
0.734375	0.552332	0.364119	0.225281
0.75	0.557747	0.328761	0.233954
0.765625	0.562602	0.292549	0.242708
0.78125	0.566885	0.25554	0.251533
0.796875	0.570583	0.217788	0.26042
0.8125	0.573687	0.179348	0.26936
0.828125	0.576185	0.140276	0.278344
0.84375	0.578068	0.100627	0.287363
0.859375	0.579327	0.0604578	0.296406
0.875	0.579954	0.0198222	0.305463
0.890625	0.579944	-0.0212247	0.314526
0.90625	0.579289	-0.0626288	0.323583
0.921875	0.577985	-0.104337	0.332625
0.9375	0.576027	-0.146295	0.341642
0.953125	0.573413	-0.188452	0.350623
0.96875	0.570138	-0.230757	0.359558
0.984375	0.566201	-0.27316	0.368436
1	0.561601	-0.315611	0.377248
1.01562	0.556338	-0.358064	0.385983
1.03125	0.550412	-0.400471	0.39463
1.04688	0.543824	-0.442787	0.40318
1.0625	0.536575	-0.484969	0.411621
1.07812	0.528669	-0.526975	0.419944
1.09375	0.520109	-0.568765	0.428139
1.10938	0.510897	-0.610299	0.436194
1.125	0.501038	-0.65154	0.444101
1.14062	0.490538	-0.692453	0.451848
1.15625	0.479401	-0.733005	0.459427
1.17188	0.467634	-0.773163	0.466826
1.1875	0.455242	-0.812899	0.474037
1.20312	0.442233	-0.852183	0.481049
1.21875	0.428614	-0.89099	0.487854
1.23438	0.414392	-0.929297	0.49444
1.25	0.399576	-0.96708	0.5008
1.26562	0.384174	-1.00432	0.506924
1.28125	0.368194	-1.041	0.512803
1.29688	0.351645	-1.0771	0.518427
1.3125	0.334538	-1.11261	0.523789
1.32812	0.31688	-1.14751	0.528879
1.34375	0.298681	-1.1818	0.533688
1.35938	0.279951	-1.21547	0.53821
1.375	0.260701	-1.24851	0.542434
1.39062	0.240939	-1.28091	0.546354
1.40625	0.220676	-1.31268	0.549961
1.42188	0.199921	-1.34381	0.553247
1.4375	0.178685	-1.37429	0.556206
1.45312	0.156978	-1.40415	0.558829
1.46875	0.134809	-1.43337	0.561109
1.48438	0.112188	-1.46196	0.563039
1.5	0.0891258	-1.48993	0.564613
1.51562	0.0656312	-1.51728	0.565822
1.53125	0.0417138	-1.54403	0.566661
1.54688	0.0173832	-1.57019	0.567124
1.5625	-0.00735159	-1.59576	0.567203
1.57812	-0.0324815	-1.62077	0.566892
1.59375	-0.0579977	-1.64521	0.566186
1.60938	-0.0838916	-1.66911	0.565077
1.625	-0.110155	-1.69249	0.563562
1.64062	-0.136779	-1.71535	0.561633
1.65625	-0.163757	-1.73771	0.559286
1.67188	-0.19108	-1.75959	0.556514
1.6875	-0.218741	-1.781	0.553313
1.70312	-0.246734	-1.80197	0.549677
1.71875	-0.275051	-1.82251	0.545601
1.73438	-0.303685	-1.84263	0.54108
1.75	-0.332631	-1.86236	0.536109
1.76562	-0.361882	-1.8817	0.530683
1.78125	-0.391432	-1.90068	0.524799
1.79688	-0.421276	-1.91931	0.51845
1.8125	-0.451409	-1.93761	0.511632
1.82812	-0.481825	-1.95559	0.504342
1.84375	-0.51252	-1.97327	0.496574
1.85938	-0.543488	-1.99065	0.488324
1.875	-0.574726	-2.00776	0.479588
1.89062	-0.606229	-2.02459	0.470362
1.90625	-0.637993	-2.04117	0.460642
1.92188	-0.670014	-2.0575	0.450424
1.9375	-0.702289	-2.07358	0.439703
1.95312	-0.734813	-2.08943	0.428476
1.96875	-0.767582	-2.10504	0.416739
1.98438	-0.800594	-2.12043	0.404488
2	-0.833844	-2.13558	0.391719
2.01562	-0.86733	-2.15051	0.378429
2.03125	-0.901046	-2.1652	0.364614
2.04688	-0.934991	-2.17966	0.35027
2.0625	-0.96916	-2.19387	0.335394
2.07812	-1.00355	-2.20784	0.319983
2.09375	-1.03815	-2.22154	0.304032
2.10938	-1.07297	-2.23496	0.287539
2.125	-1.10799	-2.2481	0.270501
2.14062	-1.14322	-2.26093	0.252913
2.15625	-1.17865	-2.27342	0.234774
2.17188	-1.21426	-2.28557	0.21608
2.1875	-1.25007	-2.29734	0.196827
2.20312	-1.28605	-2.3087	0.177014
2.21875	-1.32221	-2.31962	0.156637
2.23438	-1.35854	-2.33007	0.135694
2.25	-1.39503	-2.34001	0.114182
2.26562	-1.43166	-2.34938	0.0920987
2.28125	-1.46844	-2.35816	0.0694418
2.29688	-1.50535	-2.36627	0.0462092
2.3125	-1.54238	-2.37368	0.0223989
2.32812	-1.57952	-2.38031	-0.00199081
2.34375	-1.61676	-2.3861	-0.0269617
2.35938	-1.65409	-2.39098	-0.0525151
2.375	-1.69148	-2.39487	-0.0786522
2.39062	-1.72892	-2.39768	-0.105374
2.40625	-1.7664	-2.39934	-0.132681
2.42188	-1.80389	-2.39974	-0.160574
2.4375	-1.84138	-2.3988	-0.189053
2.45312	-1.87885	-2.3964	-0.218117
2.46875	-1.91626	-2.39246	-0.247766
2.48438	-1.9536	-2.38686	-0.278
2.5	-1.99084	-2.37952	-0.308816
2.51562	-2.02795	-2.37032	-0.340213
2.53125	-2.0649	-2.35918	-0.372189
2.54688	-2.10167	-2.34602	-0.40474
2.5625	-2.13821	-2.33077	-0.437865
2.57812	-2.17449	-2.31337	-0.471558
2.59375	-2.21049	-2.2938	-0.505816
2.60938	-2.24616	-2.27203	-0.540634
2.625	-2.28148	-2.24809	-0.576007
2.64062	-2.3164	-2.22202	-0.611928
2.65625	-2.35091	-2.19388	-0.648392
2.67188	-2.38495	-2.16378	-0.685392
2.6875	-2.41851	-2.13185	-0.722919
2.70312	-2.45156	-2.09827	-0.760967
2.71875	-2.48408	-2.06323	-0.799528
2.73438	-2.51603	-2.02695	-0.838592
2.75	-2.54741	-1.98967	-0.878151
2.76562	-2.57821	-1.95165	-0.918196
2.78125	-2.6084	-1.91317	-0.958717
2.79688	-2.63799	-1.8745	-0.999705
2.8125	-2.66698	-1.83588	-1.04115
2.82812	-2.69536	-1.79757	-1.08304
2.84375	-2.72316	-1.75979	-1.12538
2.85938	-2.75036	-1.72271	-1.16814
2.875	-2.77699	-1.68648	-1.21132
2.89062	-2.80307	-1.65118	-1.25492
2.90625	-2.8286	-1.61684	-1.29892
2.92188	-2.8536	-1.58345	-1.34331
2.9375	-2.87809	-1.5509	-1.38809
2.95312	-2.90207	-1.51905	-1.43325
2.96875	-2.92556	-1.4877	-1.47878
2.98438	-2.94856	-1.45659	-1.52467
3	-2.97108	-1.42543	-1.57092
3.01562	-2.9931	-1.39388	-1.61751
3.03125	-3.01463	-1.36158	-1.66445
3.04688	-3.03565	-1.32819	-1.71172
3.0625	-3.05613	-1.29333	-1.75931
3.07812	-3.07606	-1.25667	-1.80722
3.09375	-3.09539	-1.21789	-1.85543
3.10938	-3.1141	-1.17671	-1.90395
3.125	-3.13215	-1.13291	-1.95275
3.14062	-3.14949	-1.08632	-2.00182
3.15625	-3.16608	-1.03683	-2.05116
3.17188	-3.18188	-0.984401	-2.10076
3.1875	-3.19683	-0.929052	-2.15059
3.20312	-3.21089	-0.870872	-2.20065
3.21875	-3.22403	-0.810007	-2.25093
3.23438	-3.23619	-0.746657	-2.3014
3.25	-3.24735	-0.681069	-2.35205
3.26562	-3.25747	-0.613525	-2.40287
3.28125	-3.26652	-0.544339	-2.45384
3.29688	-3.27447	-0.473838	-2.50495
3.3125	-3.28132	-0.402361	-2.55617
3.32812	-3.28704	-0.330244	-2.60748
3.34375	-3.29164	-0.257813	-2.65888
3.35938	-3.2951	-0.185375	-2.71034
3.375	-3.29743	-0.113216	-2.76185
3.39062	-3.29864	-0.0415904	-2.81338
3.40625	-3.29873	0.0292801	-2.86492
3.42188	-3.29773	0.0992086	-2.91646
3.4375	-3.29564	0.168045	-2.96797
3.45312	-3.29248	0.235675	-3.01944
3.46875	-3.28828	0.30202	-3.07086
3.48438	-3.28305	0.367036	-3.12219
3.5	-3.27682	0.430707	-3.17345
3.51562	-3.2696	0.493048	-3.22459
3.53125	-3.26142	0.554095	-3.27562
3.54688	-3.25229	0.613909	-3.3265
3.5625	-3.24224	0.672564	-3.37724
3.57812	-3.23128	0.730153	-3.42782
3.59375	-3.21943	0.786775	-3.47822
3.60938	-3.2067	0.842541	-3.52842
3.625	-3.1931	0.897566	-3.57842
3.64062	-3.17865	0.951966	-3.6282
3.65625	-3.16335	1.00586	-3.67775
3.67188	-3.14722	1.05937	-3.72705
3.6875	-3.13025	1.1126	-3.7761
3.70312	-3.11245	1.16568	-3.82487
3.71875	-3.09382	1.21871	-3.87336
3.73438	-3.07437	1.27179	-3.92155
3.75	-3.05408	1.32501	-3.96943
3.76562	-3.03296	1.37848	-4.01698
3.78125	-3.011	1.43228	-4.0642
3.79688	-2.9882	1.48647	-4.11107
3.8125	-2.96455	1.54114	-4.15758
3.82812	-2.94003	1.59635	-4.20371
3.84375	-2.91466	1.65214	-4.24945
3.85938	-2.8884	1.70858	-4.29479
3.875	-2.86126	1.7657	-4.33971
3.89062	-2.83322	1.82352	-4.3842
3.90625	-2.80427	1.88208	-4.42824
3.92188	-2.7744	1.9414	-4.47183
3.9375	-2.7436	2.00148	-4.51494
3.95312	-2.71185	2.06231	-4.55756
3.96875	-2.67915	2.12391	-4.59968
3.98438	-2.64547	2.18624	-4.64128
4	-2.61082	2.24929	-4.68234
4.01562	-2.57518	2.31304	-4.72286
4.03125	-2.53854	2.37744	-4.76281
4.04688	-2.50088	2.44245	-4.80218
4.0625	-2.46221	2.50803	-4.84096
4.07812	-2.4225	2.57412	-4.87912
4.09375	-2.38176	2.64066	-4.91666
4.10938	-2.33998	2.70759	-4.95355
4.125	-2.29715	2.77483	-4.98978
4.14062	-2.25327	2.84233	-5.02533
4.15625	-2.20833	2.90999	-5.06019
4.17188	-2.16233	2.97775	-5.09433
4.1875	-2.11527	3.04551	-5.12775
4.20312	-2.06716	3.11321	-5.16043
4.21875	-2.01799	3.18074	-5.19235
4.23438	-1.96776	3.24803	-5.22349
4.25	-1.91649	3.315	-5.25383
4.26562	-1.86417	3.38155	-5.28337
4.28125	-1.81082	3.4476	-5.31208
4.29688	-1.75643	3.51306	-5.33995
4.3125	-1.70104	3.57787	-5.36697
4.32812	-1.64463	3.64192	-5.39311
4.34375	-1.58723	3.70515	-5.41836
4.35938	-1.52885	3.76748	-5.4427
4.375	-1.4695	3.82884	-5.46613
4.39062	-1.4092	3.88916	-5.48862
4.40625	-1.34797	3.94836	-5.51016
4.42188	-1.28582	4.0064	-5.53074
4.4375	-1.22278	4.06321	-5.55034
4.45312	-1.15885	4.11873	-5.56894
4.46875	-1.09407	4.17291	-5.58655
4.48438	-1.02846	4.22571	-5.60313
4.5	-0.962028	4.27708	-5.61868
4.51562	-0.894807	4.32699	-5.63319
4.53125	-0.826817	4.37539	-5.64664
4.54688	-0.758083	4.42227	-5.65902
4.5625	-0.68863	4.46758	-5.67033
4.57812	-0.61848	4.51131	-5.68054
4.59375	-0.54766	4.55343	-5.68965
4.60938	-0.476194	4.59394	-5.69765
4.625	-0.404108	4.63281	-5.70453
4.64062	-0.331427	4.67003	-5.71028
4.65625	-0.258178	4.70561	-5.71488
4.67188	-0.184385	4.73953	-5.71834
4.6875	-0.110076	4.77179	-5.72064
4.70312	-0.0352754	4.8024	-5.72178
4.71875	0.0399904	4.83135	-5.72174
4.73438	0.115696	4.85865	-5.72053
4.75	0.191815	4.88432	-5.71812
4.76562	0.268322	4.90835	-5.71453
4.78125	0.345192	4.93075	-5.70974
4.79688	0.4224	4.95155	-5.70374
4.8125	0.49992	4.97074	-5.69654
4.82812	0.577727	4.98835	-5.68812
4.84375	0.655797	5.00439	-5.67848
4.85938	0.734106	5.01887	-5.66762
4.875	0.812629	5.0318	-5.65554
4.89062	0.891342	5.04322	-5.64223
4.90625	0.970222	5.05312	-5.62768
4.92188	1.04924	5.06153	-5.61191
4.9375	1.12839	5.06846	-5.59489
4.95312	1.20763	5.07393	-5.57664
4.96875	1.28694	5.07796	-5.55715
4.98438	1.3663	5.08057	-5.53643
5	1.4457	5.08176	-5.51446
5.01562	1.5251	5.08155	-5.49125
5.03125	1.60449	5.07997	-5.4668
5.04688	1.68384	5.07702	-5.44111
5.0625	1.76314	5.07272	-5.41418
5.07812	1.84236	5.06709	-5.38601
5.09375	1.92148	5.06014	-5.35661
5.10938	2.00048	5.05188	-5.32596
5.125	2.07935	5.04233	-5.29409
5.14062	2.15805	5.0315	-5.26099
5.15625	2.23657	5.0194	-5.22665
5.17188	2.3149	5.00605	-5.19109
5.1875	2.39301	4.99146	-5.15431
5.20312	2.47088	4.97564	-5.11631
5.21875	2.54849	4.9586	-5.0771
5.23438	2.62583	4.94036	-5.03668
5.25	2.70287	4.92092	-4.99504
5.26562	2.7796	4.90029	-4.95221
5.28125	2.856	4.87849	-4.90818
5.29688	2.93204	4.85553	-4.86296
5.3125	3.00773	4.83142	-4.81656
5.32812	3.08302	4.80616	-4.76897
5.34375	3.15791	4.77977	-4.72022
5.35938	3.23238	4.75227	-4.67029
5.375	3.30641	4.72365	-4.61921
5.39062	3.37999	4.69393	-4.56697
5.40625	3.45309	4.66312	-4.51359
5.42188	3.52571	4.63123	-4.45906
5.4375	3.59781	4.59827	-4.40341
5.45312	3.6694	4.56425	-4.34663
5.46875	3.74044	4.52918	-4.28874
5.48438	3.81093	4.49307	-4.22975
5.5	3.88084	4.45594	-4.16965
5.51562	3.95017	4.41779	-4.10847
5.53125	4.0189	4.37864	-4.04622
5.54688	4.087	4.33849	-3.98289
5.5625	4.15447	4.29737	-3.9185
5.57812	4.22129	4.25527	-3.85306
5.59375	4.28744	4.21222	-3.78659
5.60938	4.35291	4.16823	-3.71908
5.625	4.41769	4.1233	-3.65056
5.64062	4.48176	4.07745	-3.58104
5.65625	4.54511	4.0307	-3.51051
5.67188	4.60772	3.98306	-3.439
5.6875	4.66957	3.93455	-3.36652
5.70312	4.73067	3.88517	-3.29308
5.71875	4.79098	3.83494	-3.2187
5.73438	4.85051	3.78388	-3.14337
5.75	4.90922	3.732	-3.06712
5.76562	4.96713	3.67933	-2.98996
5.78125	5.0242	3.62586	-2.9119
5.79688	5.08043	3.57163	-2.83296
5.8125	5.13581	3.51664	-2.75314
5.82812	5.19032	3.46092	-2.67247
5.84375	5.24396	3.40448	-2.59095
5.85938	5.29671	3.34735	-2.5086
5.875	5.34856	3.28953	-2.42543
5.89062	5.3995	3.23105	-2.34146
5.90625	5.44953	3.17192	-2.2567
5.92188	5.49862	3.11217	-2.17117
5.9375	5.54678	3.05181	-2.08488
5.95312	5.59399	2.99086	-1.99784
5.96875	5.64024	2.92935	-1.91007
5.98438	5.68553	2.8673	-1.82159
6	5.72984	2.80472	-1.7324
6.01562	5.77317	2.74164	-1.64253
6.03125	5.81551	2.67807	-1.552
6.04688	5.85686	2.61404	-1.4608
6.0625	5.8972	2.54958	-1.36897
6.07812	5.93653	2.4847	-1.27652
6.09375	5.97484	2.41942	-1.18346
6.10938	6.01214	2.35377	-1.08981
6.125	6.0484	2.28777	-0.995588
6.14062	6.08363	2.22145	-0.900806
6.15625	6.11782	2.15483	-0.805481
6.17188	6.15096	2.08792	-0.709629
6.1875	6.18306	2.02077	-0.61327
6.20312	6.21411	1.95338	-0.516414
6.21875	6.24411	1.88578	-0.419083
6.23438	6.27304	1.818	-0.321291
6.25	6.30092	1.75006	-0.223056
6.26562	6.32773	1.68198	-0.124393
6.28125	6.35348	1.6138	-0.02532
