Set A randomly (x: 0<= x <=1)
0.2359	0.4407	0.003387	0.6792	0.8245	0.1236	0.894	0.2971	0.5526	0.9708	0.7361	0.3855	
0.8962	0.5131	0.3892	0.4667	0.6014	0.3859	0.008905	0.8367	0.8546	0.286	0.05191	0.3618	
0.465	0.2542	0.2744	0.2372	0.2116	0.1656	0.9103	0.4474	0.6063	0.9137	0.1266	0.4309	
0.03726	0.02061	0.7279	0.5899	0.9915	0.464	0.9753	0.8877	0.9771	0.3645	0.3543	0.5785	
0.7504	0.3632	0.4152	0.6051	0.6492	0.4671	0.9669	0.1142	0.7212	0.2413	0.3515	0.9328	
0.4069	0.2617	0.3803	0.01323	0.1754	0.5069	0.4441	0.2126	0.5275	0.172	0.8025	0.519	
0.6361	0.7778	0.4066	0.6132	0.1424	0.761	0.1916	0.8928	0.1242	0.6068	0.4979	0.7734	
0.07389	0.4648	0.8876	0.7951	0.706	0.2391	0.7279	0.1129	0.5008	0.1082	0.1261	0.6762	
0.6151	0.5702	0.8888	0.1426	0.7423	0.6913	0.6616	0.3783	0.4691	0.06822	0.9915	0.6115	
0.8292	0.1832	0.5043	0.9534	0.79	0.002192	0.7268	0.8639	0.467	0.6144	0.659	0.173	
0.8535	0.3869	0.2859	0.3543	0.4951	0.412	0.03044	0.1102	0.9823	0.9193	0.2528	0.7245	
0.6106	0.9144	0.1029	0.07972	0.9826	0.09442	0.6912	0.8118	0.2776	0.1955	0.7652	0.06759	
0.1977	0.4919	0.9315	0.6647	0.1063	0.5905	0.8377	0.9598	0.9774	0.1235	0.314	0.4725	
0.5356	0.3445	0.5827	0.5178	0.2637	0.8356	0.2424	0.8743	0.75	0.3453	0.954	0.7326	
0.4397	0.6452	0.5444	0.7173	0.8408	0.3096	0.7849	0.03854	0.8015	0.7164	0.7032	0.9078	
0.3068	0.5409	0.8676	0.2842	0.6644	0.1816	0.7567	0.2	0.5261	0.3395	0.7178	0.7898	
0.175	0.9602	0.6641	0.925	0.3055	0.6181	0.6576	0.7452	0.2634	0.202	0.4625	0.1042	
0.5115	0.2474	0.1427	0.313	0.9637	0.8459	0.2208	0.2706	0.3868	0.08843	0.5548	0.05126	
0.27	0.3115	0.2513	0.7961	0.651	0.9691	0.5859	0.826	0.9293	0.25	0.751	0.2348	
0.8681	0.4086	0.98	0.1315	0.6106	0.4425	0.2357	0.1221	0.6899	0.3784	0.4351	0.6537	



Testing QR-decomposition by GS-method
Q
0.09538	0.1917	-0.2254	0.3186	0.2648	-0.1229	0.1786	-0.1207	0.1221	0.3409	0.2	-0.06464	
0.3624	-0.0988	-0.1302	0.007456	-0.07364	-0.08889	-0.3397	0.2808	0.312	-0.2782	-0.2265	0.07657	
0.1881	-0.05985	-0.01646	-0.01477	-0.1113	-0.0864	0.5969	0.05417	0.07349	0.347	-0.3862	-0.2181	
0.01507	-0.004617	0.4476	0.2119	0.4378	0.1194	0.07299	0.3779	0.1124	0.2042	-0.2559	0.244	
0.3035	-0.13	-0.02444	0.1541	-0.02217	-0.01026	0.3903	-0.3848	-0.1323	-0.4955	-0.1944	0.357	
0.1646	-0.02436	0.05827	-0.1986	-0.06774	0.2119	0.2983	-0.07923	0.06601	-0.06251	0.3475	-0.01007	
0.2572	0.2245	-0.1829	0.0344	-0.3767	0.1719	-0.101	0.1044	-0.3479	0.3793	-0.2027	0.4533	
0.02988	0.2928	0.3563	0.1677	0.1168	-0.1981	-0.2247	-0.2433	-0.05386	-0.1149	-0.1989	0.1563	
0.2487	0.08754	0.2146	-0.3538	0.1452	0.1675	0.07697	-0.04226	-0.2822	-0.01551	0.1312	-0.08021	
0.3353	-0.2991	0.09345	0.4281	-0.03552	-0.4443	-0.02089	0.2487	-0.3986	-0.02947	0.2848	-0.2124	
0.3451	-0.1665	-0.1353	-0.0007275	-0.0809	-0.004764	-0.1968	-0.2263	0.47	0.2352	-0.06354	-0.06875	
0.2469	0.335	-0.4287	-0.3015	0.3678	-0.1732	0.1068	0.392	0.01308	-0.2177	0.04022	0.0515	
0.07997	0.248	0.3503	0.04906	-0.3031	0.05028	0.2138	0.2274	0.2958	-0.248	-0.04479	-0.1669	
0.2166	-0.03208	0.129	0.06702	-0.211	0.2946	-0.06703	0.183	0.05118	0.09546	0.4353	0.2575	
0.1778	0.2318	-0.004079	0.1248	0.1335	-0.1529	-0.0505	-0.3752	0.22	0.07903	0.1967	0.1325	
0.1241	0.2263	0.2694	-0.2223	0.1516	-0.1915	0.01659	-0.0554	0.01928	0.1253	0.1969	0.1461	
0.07079	0.5933	-0.01195	0.1516	-0.2516	0.01735	-0.1058	-0.04459	-0.165	-0.05863	-0.09813	-0.4119	
0.2069	-0.08877	-0.1058	0.07258	0.3825	0.4606	-0.1693	-0.1342	-0.2674	-0.01123	-0.2095	-0.2524	
0.1092	0.08199	-0.01981	0.3748	0.09305	0.4683	0.03025	0.04484	0.1619	-0.1465	0.1415	-0.1649	
0.3511	-0.1587	0.2944	-0.3476	-0.01174	-0.0696	-0.1969	-0.1301	-0.02377	0.1279	-0.09111	-0.2698	

R
2.473	1.798	1.891	1.743	2.302	1.742	1.893	1.894	2.415	1.67	2.061	2.051	
0	1.404	0.9254	0.9979	0.7223	0.6975	1.233	0.9158	0.4912	0.3034	0.9046	0.6068	
0	0	1.572	0.593	0.4489	0.5198	0.9067	0.3843	0.9709	-0.04142	0.3605	0.8953	
0	0	0	1.429	0.5698	0.351	0.7767	0.7643	0.6825	0.6388	0.1898	0.1495	
0	0	0	0	1.458	-0.04618	0.7303	-0.1188	0.3701	0.08523	0.5454	0.01207	
0	0	0	0	0	1.291	-0.2122	0.4473	0.382	-0.2947	0.5396	0.1015	
0	0	0	0	0	0	1.202	0.1935	0.3439	0.4099	0.3815	0.3201	
0	0	0	0	0	0	0	1.36	0.04787	-0.1557	0.07796	-0.5361	
0	0	0	0	0	0	0	0	1.006	0.4417	-0.2352	0.3456	
0	0	0	0	0	0	0	0	0	0.9851	0.2319	0.3264	
0	0	0	0	0	0	0	0	0	0	0.9989	0.0591	
0	0	0	0	0	0	0	0	0	0	0	0.7764	

QT
0.09538	0.3624	0.1881	0.01507	0.3035	0.1646	0.2572	0.02988	0.2487	0.3353	0.3451	0.2469	0.07997	0.2166	0.1778	0.1241	0.07079	0.2069	0.1092	0.3511	
0.1917	-0.0988	-0.05985	-0.004617	-0.13	-0.02436	0.2245	0.2928	0.08754	-0.2991	-0.1665	0.335	0.248	-0.03208	0.2318	0.2263	0.5933	-0.08877	0.08199	-0.1587	
-0.2254	-0.1302	-0.01646	0.4476	-0.02444	0.05827	-0.1829	0.3563	0.2146	0.09345	-0.1353	-0.4287	0.3503	0.129	-0.004079	0.2694	-0.01195	-0.1058	-0.01981	0.2944	
0.3186	0.007456	-0.01477	0.2119	0.1541	-0.1986	0.0344	0.1677	-0.3538	0.4281	-0.0007275	-0.3015	0.04906	0.06702	0.1248	-0.2223	0.1516	0.07258	0.3748	-0.3476	
0.2648	-0.07364	-0.1113	0.4378	-0.02217	-0.06774	-0.3767	0.1168	0.1452	-0.03552	-0.0809	0.3678	-0.3031	-0.211	0.1335	0.1516	-0.2516	0.3825	0.09305	-0.01174	
-0.1229	-0.08889	-0.0864	0.1194	-0.01026	0.2119	0.1719	-0.1981	0.1675	-0.4443	-0.004764	-0.1732	0.05028	0.2946	-0.1529	-0.1915	0.01735	0.4606	0.4683	-0.0696	
0.1786	-0.3397	0.5969	0.07299	0.3903	0.2983	-0.101	-0.2247	0.07697	-0.02089	-0.1968	0.1068	0.2138	-0.06703	-0.0505	0.01659	-0.1058	-0.1693	0.03025	-0.1969	
-0.1207	0.2808	0.05417	0.3779	-0.3848	-0.07923	0.1044	-0.2433	-0.04226	0.2487	-0.2263	0.392	0.2274	0.183	-0.3752	-0.0554	-0.04459	-0.1342	0.04484	-0.1301	
0.1221	0.312	0.07349	0.1124	-0.1323	0.06601	-0.3479	-0.05386	-0.2822	-0.3986	0.47	0.01308	0.2958	0.05118	0.22	0.01928	-0.165	-0.2674	0.1619	-0.02377	
0.3409	-0.2782	0.347	0.2042	-0.4955	-0.06251	0.3793	-0.1149	-0.01551	-0.02947	0.2352	-0.2177	-0.248	0.09546	0.07903	0.1253	-0.05863	-0.01123	-0.1465	0.1279	
0.2	-0.2265	-0.3862	-0.2559	-0.1944	0.3475	-0.2027	-0.1989	0.1312	0.2848	-0.06354	0.04022	-0.04479	0.4353	0.1967	0.1969	-0.09813	-0.2095	0.1415	-0.09111	
-0.06464	0.07657	-0.2181	0.244	0.357	-0.01007	0.4533	0.1563	-0.08021	-0.2124	-0.06875	0.0515	-0.1669	0.2575	0.1325	0.1461	-0.4119	-0.2524	-0.1649	-0.2698	



Testing the properties of the decomposition
QT*Q
1	-3.469e-17	1.527e-16	1.943e-16	5.117e-17	1.908e-16	-3.608e-16	2.984e-16	-1.093e-16	1.665e-16	-3.678e-16	4.441e-16	
-3.469e-17	1	2.776e-17	8.327e-17	-2.884e-17	-8.674e-17	3.123e-17	1.318e-16	-1.11e-16	4.51e-17	-4.51e-17	-1.249e-16	
1.527e-16	2.776e-17	1	-2.776e-17	1.219e-16	1.284e-16	2.706e-16	-6.939e-18	-6.072e-18	0	-1.943e-16	2.776e-17	
1.943e-16	8.327e-17	-2.776e-17	1	-6.072e-17	-8.674e-17	-1.249e-16	-2.082e-17	-3.99e-17	-1.665e-16	9.021e-17	6.939e-17	
5.117e-17	-2.884e-17	1.219e-16	-6.072e-17	1	2.808e-17	3.6e-17	-5.096e-17	-3.025e-17	6.505e-18	1.214e-17	-1.34e-16	
1.908e-16	-8.674e-17	1.284e-16	-8.674e-17	2.808e-17	1	-1.214e-17	-7.806e-17	2.819e-17	-4.163e-17	1.214e-16	-1.249e-16	
-3.608e-16	3.123e-17	2.706e-16	-1.249e-16	3.6e-17	-1.214e-17	1	6.592e-17	7.546e-17	-6.245e-17	1.041e-16	-5.551e-17	
2.984e-16	1.318e-16	-6.939e-18	-2.082e-17	-5.096e-17	-7.806e-17	6.592e-17	1	4.77e-17	8.327e-17	-4.51e-17	-1.18e-16	
-1.093e-16	-1.11e-16	-6.072e-18	-3.99e-17	-3.025e-17	2.819e-17	7.546e-17	4.77e-17	1	-1.605e-16	2.255e-17	4.77e-17	
1.665e-16	4.51e-17	0	-1.665e-16	6.505e-18	-4.163e-17	-6.245e-17	8.327e-17	-1.605e-16	1	4.51e-17	-9.714e-17	
-3.678e-16	-4.51e-17	-1.943e-16	9.021e-17	1.214e-17	1.214e-16	1.041e-16	-4.51e-17	2.255e-17	4.51e-17	1	-1.388e-17	
4.441e-16	-1.249e-16	2.776e-17	6.939e-17	-1.34e-16	-1.249e-16	-5.551e-17	-1.18e-16	4.77e-17	-9.714e-17	-1.388e-17	1	
QR
0.2359	0.4407	0.003387	0.6792	0.8245	0.1236	0.894	0.2971	0.5526	0.9708	0.7361	0.3855	
0.8962	0.5131	0.3892	0.4667	0.6014	0.3859	0.008905	0.8367	0.8546	0.286	0.05191	0.3618	
0.465	0.2542	0.2744	0.2372	0.2116	0.1656	0.9103	0.4474	0.6063	0.9137	0.1266	0.4309	
0.03726	0.02061	0.7279	0.5899	0.9915	0.464	0.9753	0.8877	0.9771	0.3645	0.3543	0.5785	
0.7504	0.3632	0.4152	0.6051	0.6492	0.4671	0.9669	0.1142	0.7212	0.2413	0.3515	0.9328	
0.4069	0.2617	0.3803	0.01323	0.1754	0.5069	0.4441	0.2126	0.5275	0.172	0.8025	0.519	
0.6361	0.7778	0.4066	0.6132	0.1424	0.761	0.1916	0.8928	0.1242	0.6068	0.4979	0.7734	
0.07389	0.4648	0.8876	0.7951	0.706	0.2391	0.7279	0.1129	0.5008	0.1082	0.1261	0.6762	
0.6151	0.5702	0.8888	0.1426	0.7423	0.6913	0.6616	0.3783	0.4691	0.06822	0.9915	0.6115	
0.8292	0.1832	0.5043	0.9534	0.79	0.002192	0.7268	0.8639	0.467	0.6144	0.659	0.173	
0.8535	0.3869	0.2859	0.3543	0.4951	0.412	0.03044	0.1102	0.9823	0.9193	0.2528	0.7245	
0.6106	0.9144	0.1029	0.07972	0.9826	0.09442	0.6912	0.8118	0.2776	0.1955	0.7652	0.06759	
0.1977	0.4919	0.9315	0.6647	0.1063	0.5905	0.8377	0.9598	0.9774	0.1235	0.314	0.4725	
0.5356	0.3445	0.5827	0.5178	0.2637	0.8356	0.2424	0.8743	0.75	0.3453	0.954	0.7326	
0.4397	0.6452	0.5444	0.7173	0.8408	0.3096	0.7849	0.03854	0.8015	0.7164	0.7032	0.9078	
0.3068	0.5409	0.8676	0.2842	0.6644	0.1816	0.7567	0.2	0.5261	0.3395	0.7178	0.7898	
0.175	0.9602	0.6641	0.925	0.3055	0.6181	0.6576	0.7452	0.2634	0.202	0.4625	0.1042	
0.5115	0.2474	0.1427	0.313	0.9637	0.8459	0.2208	0.2706	0.3868	0.08843	0.5548	0.05126	
0.27	0.3115	0.2513	0.7961	0.651	0.9691	0.5859	0.826	0.9293	0.25	0.751	0.2348	
0.8681	0.4086	0.98	0.1315	0.6106	0.4425	0.2357	0.1221	0.6899	0.3784	0.4351	0.6537	



TEST: A==QR with epsabs=1e-08, epsrel=1e-08?
Result: Yes, they are equal; using absolute = 1e-08 	 relative = 1e-08 precision
TEST: QT*Q==IDENTITY with epsabs=1e-08, epsrel=1e-08?
Result: Yes, they are equal; using absolute = 1e-08 	 relative = 1e-08 precision
