Set A randomly (x: 0<= x <=1)
0.3103	0.8649	0.1702	0.2094	0.4266	0.2129	0.8873	0.08958	
0.7441	0.892	0.8386	0.5715	0.6954	0.2711	0.5183	0.2117	
0.6781	0.5674	0.1204	0.2791	0.5463	0.4144	0.1435	0.9554	
0.6252	0.3552	0.1179	0.386	0.05371	0.5125	0.2501	0.364	
0.3774	0.4203	0.5733	0.804	0.6332	0.4607	0.8936	0.3774	
0.3526	0.7322	0.9488	0.04798	0.003334	0.4671	0.2597	0.6814	
0.03453	0.3801	0.9605	0.5808	0.7945	0.1039	0.5362	0.4197	
0.4591	0.6541	0.8057	0.5128	0.1666	0.05587	0.8768	0.5439	
0.4762	0.4501	0.3479	0.1094	0.9108	0.2415	0.4867	0.2634	
0.9737	0.4356	0.3114	0.977	0.9027	0.5711	0.6584	0.9372	



Testing QR-decomposition by GS-method
Q
0.1747	0.5821	-0.6455	0.335	0.03205	0.05319	0.1136	-0.01589	
0.419	0.2072	0.08605	-0.1089	0.018	-0.4094	-0.457	-0.5819	
0.3818	-0.05797	-0.2948	-0.1344	0.1466	0.08157	-0.4114	0.581	
0.352	-0.2224	-0.09234	-0.05684	-0.3748	0.2966	0.03967	-0.2997	
0.2125	0.07285	0.2204	0.5162	-0.03229	0.4142	0.2453	-0.1707	
0.1985	0.4094	0.2583	-0.5395	-0.2605	0.4809	0.005231	0.1174	
0.01944	0.3502	0.5511	0.3179	0.3434	0.06643	-0.2917	0.1768	
0.2585	0.2322	0.2265	0.01481	-0.3953	-0.5722	0.4409	0.3352	
0.2681	0.01127	-0.004251	-0.3587	0.7006	-0.006633	0.5168	-0.1405	
0.5482	-0.4645	0.1013	0.2591	0.05305	-0.0153	0.02688	0.1656	

R
1.776	1.637	1.27	1.408	1.526	1.074	1.485	1.546	
0	0.9944	1.053	0.08629	0.3041	0.05373	0.8223	0.107	
0	0	1.029	0.5204	0.322	0.06532	0.2292	0.3526	
0	0	0	0.7437	0.478	0.03795	0.7079	-0.02519	
0	0	0	0	0.9578	-0.04307	0.08207	-0.01593	
0	0	0	0	0	0.4662	-0.06344	0.2886	
0	0	0	0	0	0	0.5347	-0.09037	
0	0	0	0	0	0	0	0.7117	

QT
0.1747	0.419	0.3818	0.352	0.2125	0.1985	0.01944	0.2585	0.2681	0.5482	
0.5821	0.2072	-0.05797	-0.2224	0.07285	0.4094	0.3502	0.2322	0.01127	-0.4645	
-0.6455	0.08605	-0.2948	-0.09234	0.2204	0.2583	0.5511	0.2265	-0.004251	0.1013	
0.335	-0.1089	-0.1344	-0.05684	0.5162	-0.5395	0.3179	0.01481	-0.3587	0.2591	
0.03205	0.018	0.1466	-0.3748	-0.03229	-0.2605	0.3434	-0.3953	0.7006	0.05305	
0.05319	-0.4094	0.08157	0.2966	0.4142	0.4809	0.06643	-0.5722	-0.006633	-0.0153	
0.1136	-0.457	-0.4114	0.03967	0.2453	0.005231	-0.2917	0.4409	0.5168	0.02688	
-0.01589	-0.5819	0.581	-0.2997	-0.1707	0.1174	0.1768	0.3352	-0.1405	0.1656	



Testing the properties of the decomposition
QT*Q
1	6.106e-16	-1.041e-16	4.163e-16	2.116e-16	5.811e-16	-8.57e-16	1.527e-16	
6.106e-16	1	-1.388e-17	-2.776e-17	-1.388e-17	-1.995e-17	-1.735e-18	-5.551e-17	
-1.041e-16	-1.388e-17	1	-6.245e-17	1.908e-17	-3.708e-17	-2.992e-17	-1.145e-16	
4.163e-16	-2.776e-17	-6.245e-17	1	-1.197e-16	-9.714e-17	-6.028e-16	-6.245e-17	
2.116e-16	-1.388e-17	1.908e-17	-1.197e-16	1	-2.049e-17	2.992e-17	6.765e-17	
5.811e-16	-1.995e-17	-3.708e-17	-9.714e-17	-2.049e-17	1	2.233e-17	-3.339e-17	
-8.57e-16	-1.735e-18	-2.992e-17	-6.028e-16	2.992e-17	2.233e-17	1	-2.082e-17	
1.527e-16	-5.551e-17	-1.145e-16	-6.245e-17	6.765e-17	-3.339e-17	-2.082e-17	1	
QR
0.3103	0.8649	0.1702	0.2094	0.4266	0.2129	0.8873	0.08958	
0.7441	0.892	0.8386	0.5715	0.6954	0.2711	0.5183	0.2117	
0.6781	0.5674	0.1204	0.2791	0.5463	0.4144	0.1435	0.9554	
0.6252	0.3552	0.1179	0.386	0.05371	0.5125	0.2501	0.364	
0.3774	0.4203	0.5733	0.804	0.6332	0.4607	0.8936	0.3774	
0.3526	0.7322	0.9488	0.04798	0.003334	0.4671	0.2597	0.6814	
0.03453	0.3801	0.9605	0.5808	0.7945	0.1039	0.5362	0.4197	
0.4591	0.6541	0.8057	0.5128	0.1666	0.05587	0.8768	0.5439	
0.4762	0.4501	0.3479	0.1094	0.9108	0.2415	0.4867	0.2634	
0.9737	0.4356	0.3114	0.977	0.9027	0.5711	0.6584	0.9372	



TEST: A==QR with epsabs=1e-10, epsrel=1e-10?
Result: Yes, they are equal; using absolute = 1e-10 	 relative = 1e-10 precision
TEST: QT*Q==IDENTITY with epsabs=1e-10, epsrel=1e-10?
Result: Yes, they are equal; using absolute = 1e-10 	 relative = 1e-10 precision
