Setting stochastic matrix
0.2359	0.4407	0.003387	0.6792	0.8245	0.1236	0.894	0.2971	0.5526	0.9708	0.7361	0.3855	
0.8962	0.5131	0.3892	0.4667	0.6014	0.3859	0.008905	0.8367	0.8546	0.286	0.05191	0.3618	
0.465	0.2542	0.2744	0.2372	0.2116	0.1656	0.9103	0.4474	0.6063	0.9137	0.1266	0.4309	
0.03726	0.02061	0.7279	0.5899	0.9915	0.464	0.9753	0.8877	0.9771	0.3645	0.3543	0.5785	
0.7504	0.3632	0.4152	0.6051	0.6492	0.4671	0.9669	0.1142	0.7212	0.2413	0.3515	0.9328	
0.4069	0.2617	0.3803	0.01323	0.1754	0.5069	0.4441	0.2126	0.5275	0.172	0.8025	0.519	
0.6361	0.7778	0.4066	0.6132	0.1424	0.761	0.1916	0.8928	0.1242	0.6068	0.4979	0.7734	
0.07389	0.4648	0.8876	0.7951	0.706	0.2391	0.7279	0.1129	0.5008	0.1082	0.1261	0.6762	
0.6151	0.5702	0.8888	0.1426	0.7423	0.6913	0.6616	0.3783	0.4691	0.06822	0.9915	0.6115	
0.8292	0.1832	0.5043	0.9534	0.79	0.002192	0.7268	0.8639	0.467	0.6144	0.659	0.173	
0.8535	0.3869	0.2859	0.3543	0.4951	0.412	0.03044	0.1102	0.9823	0.9193	0.2528	0.7245	
0.6106	0.9144	0.1029	0.07972	0.9826	0.09442	0.6912	0.8118	0.2776	0.1955	0.7652	0.06759	
0.1977	0.4919	0.9315	0.6647	0.1063	0.5905	0.8377	0.9598	0.9774	0.1235	0.314	0.4725	
0.5356	0.3445	0.5827	0.5178	0.2637	0.8356	0.2424	0.8743	0.75	0.3453	0.954	0.7326	
0.4397	0.6452	0.5444	0.7173	0.8408	0.3096	0.7849	0.03854	0.8015	0.7164	0.7032	0.9078	
0.3068	0.5409	0.8676	0.2842	0.6644	0.1816	0.7567	0.2	0.5261	0.3395	0.7178	0.7898	
0.175	0.9602	0.6641	0.925	0.3055	0.6181	0.6576	0.7452	0.2634	0.202	0.4625	0.1042	
0.5115	0.2474	0.1427	0.313	0.9637	0.8459	0.2208	0.2706	0.3868	0.08843	0.5548	0.05126	
0.27	0.3115	0.2513	0.7961	0.651	0.9691	0.5859	0.826	0.9293	0.25	0.751	0.2348	
0.8681	0.4086	0.98	0.1315	0.6106	0.4425	0.2357	0.1221	0.6899	0.3784	0.4351	0.6537	


Converged: Orthg. equality and other tests can be found in respective .txt files.
Here only equality is checked:
Is A = U*D*VT?
Result: Yes, they are equal; using absolute = 1e-08 	 relative = 1e-08 precision
