0.0001
0.0011
0.0021
0.0031
0.0041
0.0051
0.0061
0.0071
0.0081
0.0091
0.0101
0.0111
0.0121
0.0131
0.0141
0.0151
0.0161
0.0171
0.0181
0.0191
0.0201
0.0211
0.0221
0.0231
0.0241
0.0251
0.0261
0.0271
0.0281
0.0291
0.0301
0.0311
0.0321
0.0331
0.0341
0.0351
0.0361
0.0371
0.0381
0.0391
0.0401
0.0411
0.0421
0.0431
0.0441
0.0451
0.0461
0.0471
0.0481
0.0491
0.0501
0.0511
0.0521
0.0531
0.0541
0.0551
0.0561
0.0571
0.0581
0.0591
0.0601
0.0611
0.0621
0.0631
0.0641
0.0651
0.0661
0.0671
0.0681
0.0691
0.0701
0.0711
0.0721
0.0731
0.0741
0.0751
0.0761
0.0771
0.0781
0.0791
0.0801
0.0811
0.0821
0.0831
0.0841
0.0851
0.0861
0.0871
0.0881
0.0891
0.0901
0.0911
0.0921
0.0931
0.0941
0.0951
0.0961
0.0971
0.0981
0.0991
0.1001
0.1011
0.1021
0.1031
0.1041
0.1051
0.1061
0.1071
0.1081
0.1091
0.1101
0.1111
0.1121
0.1131
0.1141
0.1151
0.1161
0.1171
0.1181
0.1191
0.1201
0.1211
0.1221
0.1231
0.1241
0.1251
0.1261
0.1271
0.1281
0.1291
0.1301
0.1311
0.1321
0.1331
0.1341
0.1351
0.1361
0.1371
0.1381
0.1391
0.1401
0.1411
0.1421
0.1431
0.1441
0.1451
0.1461
0.1471
0.1481
0.1491
0.1501
0.1511
0.1521
0.1531
0.1541
0.1551
0.1561
0.1571
0.1581
0.1591
0.1601
0.1611
0.1621
0.1631
0.1641
0.1651
0.1661
0.1671
0.1681
0.1691
0.1701
0.1711
0.1721
0.1731
0.1741
0.1751
0.1761
0.1771
0.1781
0.1791
0.1801
0.1811
0.1821
0.1831
0.1841
0.1851
0.1861
0.1871
0.1881
0.1891
0.1901
0.1911
0.1921
0.1931
0.1941
0.1951
0.1961
0.1971
0.1981
0.1991
0.2001
0.2011
0.2021
0.2031
0.2041
0.2051
0.2061
0.2071
0.2081
0.2091
0.2101
0.2111
0.2121
0.2131
0.2141
0.2151
0.2161
0.2171
0.2181
0.2191
0.2201
0.2211
0.2221
0.2231
0.2241
0.2251
0.2261
0.2271
0.2281
0.2291
0.2301
0.2311
0.2321
0.2331
0.2341
0.2351
0.2361
0.2371
0.2381
0.2391
0.2401
0.2411
0.2421
0.2431
0.2441
0.2451
0.2461
0.2471
0.2481
0.2491
0.2501
0.2511
0.2521
0.2531
0.2541
0.2551
0.2561
0.2571
0.2581
0.2591
0.2601
0.2611
0.2621
0.2631
0.2641
0.2651
0.2661
0.2671
0.2681
0.2691
0.2701
0.2711
0.2721
0.2731
0.2741
0.2751
0.2761
0.2771
0.2781
0.2791
0.2801
0.2811
0.2821
0.2831
0.2841
0.2851
0.2861
0.2871
0.2881
0.2891
0.2901
0.2911
0.2921
0.2931
0.2941
0.2951
0.2961
0.2971
0.2981
0.2991
0.3001
0.3011
0.3021
0.3031
0.3041
0.3051
0.3061
0.3071
0.3081
0.3091
0.3101
0.3111
0.3121
0.3131
0.3141
0.3151
0.3161
0.3171
0.3181
0.3191
0.3201
0.3211
0.3221
0.3231
0.3241
0.3251
0.3261
0.3271
0.3281
0.3291
0.3301
0.3311
0.3321
0.3331
0.3341
0.3351
0.3361
0.3371
0.3381
0.3391
0.3401
0.3411
0.3421
0.3431
0.3441
0.3451
0.3461
0.3471
0.3481
0.3491
0.3501
0.3511
0.3521
0.3531
0.3541
0.3551
0.3561
0.3571
0.3581
0.3591
0.3601
0.3611
0.3621
0.3631
0.3641
0.3651
0.3661
0.3671
0.3681
0.3691
0.3701
0.3711
0.3721
0.3731
0.3741
0.3751
0.3761
0.3771
0.3781
0.3791
0.3801
0.3811
0.3821
0.3831
0.3841
0.3851
0.3861
0.3871
0.3881
0.3891
0.3901
0.3911
0.3921
0.3931
0.3941
0.3951
0.3961
0.3971
0.3981
0.3991
0.4001
0.4011
0.4021
0.4031
0.4041
0.4051
0.4061
0.4071
0.4081
0.4091
0.4101
0.4111
0.4121
0.4131
0.4141
0.4151
0.4161
0.4171
0.4181
0.4191
0.4201
0.4211
0.4221
0.4231
0.4241
0.4251
0.4261
0.4271
0.4281
0.4291
0.4301
0.4311
0.4321
0.4331
0.4341
0.4351
0.4361
0.4371
0.4381
0.4391
0.4401
0.4411
0.4421
0.4431
0.4441
0.4451
0.4461
0.4471
0.4481
0.4491
0.4501
0.4511
0.4521
0.4531
0.4541
0.4551
0.4561
0.4571
0.4581
0.4591
0.4601
0.4611
0.4621
0.4631
0.4641
0.4651
0.4661
0.4671
0.4681
0.4691
0.4701
0.4711
0.4721
0.4731
0.4741
0.4751
0.4761
0.4771
0.4781
0.4791
0.4801
0.4811
0.4821
0.4831
0.4841
0.4851
0.4861
0.4871
0.4881
0.4891
0.4901
0.4911
0.4921
0.4931
0.4941
0.4951
0.4961
0.4971
0.4981
0.4991
0.5001
0.5011
0.5021
0.5031
0.5041
0.5051
0.5061
0.5071
0.5081
0.5091
0.5101
0.5111
0.5121
0.5131
0.5141
0.5151
0.5161
0.5171
0.5181
0.5191
0.5201
0.5211
0.5221
0.5231
0.5241
0.5251
0.5261
0.5271
0.5281
0.5291
0.5301
0.5311
0.5321
0.5331
0.5341
0.5351
0.5361
0.5371
0.5381
0.5391
0.5401
0.5411
0.5421
0.5431
0.5441
0.5451
0.5461
0.5471
0.5481
0.5491
0.5501
0.5511
0.5521
0.5531
0.5541
0.5551
0.5561
0.5571
0.5581
0.5591
0.5601
0.5611
0.5621
0.5631
0.5641
0.5651
0.5661
0.5671
0.5681
0.5691
0.5701
0.5711
0.5721
0.5731
0.5741
0.5751
0.5761
0.5771
0.5781
0.5791
0.5801
0.5811
0.5821
0.5831
0.5841
0.5851
0.5861
0.5871
0.5881
0.5891
0.5901
0.5911
0.5921
0.5931
0.5941
0.5951
0.5961
0.5971
0.5981
0.5991
0.6001
0.6011
0.6021
0.6031
0.6041
0.6051
0.6061
0.6071
0.6081
0.6091
0.6101
0.6111
0.6121
0.6131
0.6141
0.6151
0.6161
0.6171
0.6181
0.6191
0.6201
0.6211
0.6221
0.6231
0.6241
0.6251
0.6261
0.6271
0.6281
0.6291
0.6301
0.6311
0.6321
0.6331
0.6341
0.6351
0.6361
0.6371
0.6381
0.6391
0.6401
0.6411
0.6421
0.6431
0.6441
0.6451
0.6461
0.6471
0.6481
0.6491
0.6501
0.6511
0.6521
0.6531
0.6541
0.6551
0.6561
0.6571
0.6581
0.6591
0.6601
0.6611
0.6621
0.6631
0.6641
0.6651
0.6661
0.6671
0.6681
0.6691
0.6701
0.6711
0.6721
0.6731
0.6741
0.6751
0.6761
0.6771
0.6781
0.6791
0.6801
0.6811
0.6821
0.6831
0.6841
0.6851
0.6861
0.6871
0.6881
0.6891
0.6901
0.6911
0.6921
0.6931
0.6941
0.6951
0.6961
0.6971
0.6981
0.6991
0.7001
0.7011
0.7021
0.7031
0.7041
0.7051
0.7061
0.7071
0.7081
0.7091
0.7101
0.7111
0.7121
0.7131
0.7141
0.7151
0.7161
0.7171
0.7181
0.7191
0.7201
0.7211
0.7221
0.7231
0.7241
0.7251
0.7261
0.7271
0.7281
0.7291
0.7301
0.7311
0.7321
0.7331
0.7341
0.7351
0.7361
0.7371
0.7381
0.7391
0.7401
0.7411
0.7421
0.7431
0.7441
0.7451
0.7461
0.7471
0.7481
0.7491
0.7501
0.7511
0.7521
0.7531
0.7541
0.7551
0.7561
0.7571
0.7581
0.7591
0.7601
0.7611
0.7621
0.7631
0.7641
0.7651
0.7661
0.7671
0.7681
0.7691
0.7701
0.7711
0.7721
0.7731
0.7741
0.7751
0.7761
0.7771
0.7781
0.7791
0.7801
0.7811
0.7821
0.7831
0.7841
0.7851
0.7861
0.7871
0.7881
0.7891
0.7901
0.7911
0.7921
0.7931
0.7941
0.7951
0.7961
0.7971
0.7981
0.7991
0.8001
0.8011
0.8021
0.8031
0.8041
0.8051
0.8061
0.8071
0.8081
0.8091
0.8101
0.8111
0.8121
0.8131
0.8141
0.8151
0.8161
0.8171
0.8181
0.8191
0.8201
0.8211
0.8221
0.8231
0.8241
0.8251
0.8261
0.8271
0.8281
0.8291
0.8301
0.8311
0.8321
0.8331
0.8341
0.8351
0.8361
0.8371
0.8381
0.8391
0.8401
0.8411
0.8421
0.8431
0.8441
0.8451
0.8461
0.8471
0.8481
0.8491
0.8501
0.8511
0.8521
0.8531
0.8541
0.8551
0.8561
0.8571
0.8581
0.8591
0.8601
0.8611
0.8621
0.8631
0.8641
0.8651
0.8661
0.8671
0.8681
0.8691
0.8701
0.8711
0.8721
0.8731
0.8741
0.8751
0.8761
0.8771
0.8781
0.8791
0.8801
0.8811
0.8821
0.8831
0.8841
0.8851
0.8861
0.8871
0.8881
0.8891
0.8901
0.8911
0.8921
0.8931
0.8941
0.8951
0.8961
0.8971
0.8981
0.8991
0.9001
0.9011
0.9021
0.9031
0.9041
0.9051
0.9061
0.9071
0.9081
0.9091
0.9101
0.9111
0.9121
0.9131
0.9141
0.9151
0.9161
0.9171
0.9181
0.9191
0.9201
0.9211
0.9221
0.9231
0.9241
0.9251
0.9261
0.9271
0.9281
0.9291
0.9301
0.9311
0.9321
0.9331
0.9341
0.9351
0.9361
0.9371
0.9381
0.9391
0.9401
0.9411
0.9421
0.9431
0.9441
0.9451
0.9461
0.9471
0.9481
0.9491
0.9501
0.9511
0.9521
0.9531
0.9541
0.9551
0.9561
0.9571
0.9581
0.9591
0.9601
0.9611
0.9621
0.9631
0.9641
0.9651
0.9661
0.9671
0.9681
0.9691
0.9701
0.9711
0.9721
0.9731
0.9741
0.9751
0.9761
0.9771
0.9781
0.9791
0.9801
0.9811
0.9821
0.9831
0.9841
0.9851
0.9861
0.9871
0.9881
0.9891
0.9901
0.9911
0.9921
0.9931
0.9941
0.9951
0.9961
0.9971
0.9981
0.9991
1.0001
1.0011
1.0021
1.0031
1.0041
1.0051
1.0061
1.0071
1.0081
1.0091
1.0101
1.0111
1.0121
1.0131
1.0141
1.0151
1.0161
1.0171
1.0181
1.0191
1.0201
1.0211
1.0221
1.0231
1.0241
1.0251
1.0261
1.0271
1.0281
1.0291
1.0301
1.0311
1.0321
1.0331
1.0341
1.0351
1.0361
1.0371
1.0381
1.0391
1.0401
1.0411
1.0421
1.0431
1.0441
1.0451
1.0461
1.0471
1.0481
1.0491
1.0501
1.0511
1.0521
1.0531
1.0541
1.0551
1.0561
1.0571
1.0581
1.0591
1.0601
1.0611
1.0621
1.0631
1.0641
1.0651
1.0661
1.0671
1.0681
1.0691
1.0701
1.0711
1.0721
1.0731
1.0741
1.0751
1.0761
1.0771
1.0781
1.0791
1.0801
1.0811
1.0821
1.0831
1.0841
1.0851
1.0861
1.0871
1.0881
1.0891
1.0901
1.0911
1.0921
1.0931
1.0941
1.0951
1.0961
1.0971
1.0981
1.0991
1.1001
1.1011
1.1021
1.1031
1.1041
1.1051
1.1061
1.1071
1.1081
1.1091
1.1101
1.1111
1.1121
1.1131
1.1141
1.1151
1.1161
1.1171
1.1181
1.1191
1.1201
1.1211
1.1221
1.1231
1.1241
1.1251
1.1261
1.1271
1.1281
1.1291
1.1301
1.1311
1.1321
1.1331
1.1341
1.1351
1.1361
1.1371
1.1381
1.1391
1.1401
1.1411
1.1421
1.1431
1.1441
1.1451
1.1461
1.1471
1.1481
1.1491
1.1501
1.1511
1.1521
1.1531
1.1541
1.1551
1.1561
1.1571
1.1581
1.1591
1.1601
1.1611
1.1621
1.1631
1.1641
1.1651
1.1661
1.1671
1.1681
1.1691
1.1701
1.1711
1.1721
1.1731
1.1741
1.1751
1.1761
1.1771
1.1781
1.1791
1.1801
1.1811
1.1821
1.1831
1.1841
1.1851
1.1861
1.1871
1.1881
1.1891
1.1901
1.1911
1.1921
1.1931
1.1941
1.1951
1.1961
1.1971
1.1981
1.1991
1.2001
1.2011
1.2021
1.2031
1.2041
1.2051
1.2061
1.2071
1.2081
1.2091
1.2101
1.2111
1.2121
1.2131
1.2141
1.2151
1.2161
1.2171
1.2181
1.2191
1.2201
1.2211
1.2221
1.2231
1.2241
1.2251
1.2261
1.2271
1.2281
1.2291
1.2301
1.2311
1.2321
1.2331
1.2341
1.2351
1.2361
1.2371
1.2381
1.2391
1.2401
1.2411
1.2421
1.2431
1.2441
1.2451
1.2461
1.2471
1.2481
1.2491
1.2501
1.2511
1.2521
1.2531
1.2541
1.2551
1.2561
1.2571
1.2581
1.2591
1.2601
1.2611
1.2621
1.2631
1.2641
1.2651
1.2661
1.2671
1.2681
1.2691
1.2701
1.2711
1.2721
1.2731
1.2741
1.2751
1.2761
1.2771
1.2781
1.2791
1.2801
1.2811
1.2821
1.2831
1.2841
1.2851
1.2861
1.2871
1.2881
1.2891
1.2901
1.2911
1.2921
1.2931
1.2941
1.2951
1.2961
1.2971
1.2981
1.2991
1.3001
1.3011
1.3021
1.3031
1.3041
1.3051
1.3061
1.3071
1.3081
1.3091
1.3101
1.3111
1.3121
1.3131
1.3141
1.3151
1.3161
1.3171
1.3181
1.3191
1.3201
1.3211
1.3221
1.3231
1.3241
1.3251
1.3261
1.3271
1.3281
1.3291
1.3301
1.3311
1.3321
1.3331
1.3341
1.3351
1.3361
1.3371
1.3381
1.3391
1.3401
1.3411
1.3421
1.3431
1.3441
1.3451
1.3461
1.3471
1.3481
1.3491
1.3501
1.3511
1.3521
1.3531
1.3541
1.3551
1.3561
1.3571
1.3581
1.3591
1.3601
1.3611
1.3621
1.3631
1.3641
1.3651
1.3661
1.3671
1.3681
1.3691
1.3701
1.3711
1.3721
1.3731
1.3741
1.3751
1.3761
1.3771
1.3781
1.3791
1.3801
1.3811
1.3821
1.3831
1.3841
1.3851
1.3861
1.3871
1.3881
1.3891
1.3901
1.3911
1.3921
1.3931
1.3941
1.3951
1.3961
1.3971
1.3981
1.3991
1.4001
1.4011
1.4021
1.4031
1.4041
1.4051
1.4061
1.4071
1.4081
1.4091
1.4101
1.4111
1.4121
1.4131
1.4141
1.4151
1.4161
1.4171
1.4181
1.4191
1.4201
1.4211
1.4221
1.4231
1.4241
1.4251
1.4261
1.4271
1.4281
1.4291
1.4301
1.4311
1.4321
1.4331
1.4341
1.4351
1.4361
1.4371
1.4381
1.4391
1.4401
1.4411
1.4421
1.4431
1.4441
1.4451
1.4461
1.4471
1.4481
1.4491
1.4501
1.4511
1.4521
1.4531
1.4541
1.4551
1.4561
1.4571
1.4581
1.4591
1.4601
1.4611
1.4621
1.4631
1.4641
1.4651
1.4661
1.4671
1.4681
1.4691
1.4701
1.4711
1.4721
1.4731
1.4741
1.4751
1.4761
1.4771
1.4781
1.4791
1.4801
1.4811
1.4821
1.4831
1.4841
1.4851
1.4861
1.4871
1.4881
1.4891
1.4901
1.4911
1.4921
1.4931
1.4941
1.4951
1.4961
1.4971
1.4981
1.4991
1.5001
1.5011
1.5021
1.5031
1.5041
1.5051
1.5061
1.5071
1.5081
1.5091
1.5101
1.5111
1.5121
1.5131
1.5141
1.5151
1.5161
1.5171
1.5181
1.5191
1.5201
1.5211
1.5221
1.5231
1.5241
1.5251
1.5261
1.5271
1.5281
1.5291
1.5301
1.5311
1.5321
1.5331
1.5341
1.5351
1.5361
1.5371
1.5381
1.5391
1.5401
1.5411
1.5421
1.5431
1.5441
1.5451
1.5461
1.5471
1.5481
1.5491
1.5501
1.5511
1.5521
1.5531
1.5541
1.5551
1.5561
1.5571
1.5581
1.5591
1.5601
1.5611
1.5621
1.5631
1.5641
1.5651
1.5661
1.5671
1.5681
1.5691
1.5701
1.5711
1.5721
1.5731
1.5741
1.5751
1.5761
1.5771
1.5781
1.5791
1.5801
1.5811
1.5821
1.5831
1.5841
1.5851
1.5861
1.5871
1.5881
1.5891
1.5901
1.5911
1.5921
1.5931
1.5941
1.5951
1.5961
1.5971
1.5981
1.5991
1.6001
1.6011
1.6021
1.6031
1.6041
1.6051
1.6061
1.6071
1.6081
1.6091
1.6101
1.6111
1.6121
1.6131
1.6141
1.6151
1.6161
1.6171
1.6181
1.6191
1.6201
1.6211
1.6221
1.6231
1.6241
1.6251
1.6261
1.6271
1.6281
1.6291
1.6301
1.6311
1.6321
1.6331
1.6341
1.6351
1.6361
1.6371
1.6381
1.6391
1.6401
1.6411
1.6421
1.6431
1.6441
1.6451
1.6461
1.6471
1.6481
1.6491
1.6501
1.6511
1.6521
1.6531
1.6541
1.6551
1.6561
1.6571
1.6581
1.6591
1.6601
1.6611
1.6621
1.6631
1.6641
1.6651
1.6661
1.6671
1.6681
1.6691
1.6701
1.6711
1.6721
1.6731
1.6741
1.6751
1.6761
1.6771
1.6781
1.6791
1.6801
1.6811
1.6821
1.6831
1.6841
1.6851
1.6861
1.6871
1.6881
1.6891
1.6901
1.6911
1.6921
1.6931
1.6941
1.6951
1.6961
1.6971
1.6981
1.6991
1.7001
1.7011
1.7021
1.7031
1.7041
1.7051
1.7061
1.7071
1.7081
1.7091
1.7101
1.7111
1.7121
1.7131
1.7141
1.7151
1.7161
1.7171
1.7181
1.7191
1.7201
1.7211
1.7221
1.7231
1.7241
1.7251
1.7261
1.7271
1.7281
1.7291
1.7301
1.7311
1.7321
1.7331
1.7341
1.7351
1.7361
1.7371
1.7381
1.7391
1.7401
1.7411
1.7421
1.7431
1.7441
1.7451
1.7461
1.7471
1.7481
1.7491
1.7501
1.7511
1.7521
1.7531
1.7541
1.7551
1.7561
1.7571
1.7581
1.7591
1.7601
1.7611
1.7621
1.7631
1.7641
1.7651
1.7661
1.7671
1.7681
1.7691
1.7701
1.7711
1.7721
1.7731
1.7741
1.7751
1.7761
1.7771
1.7781
1.7791
1.7801
1.7811
1.7821
1.7831
1.7841
1.7851
1.7861
1.7871
1.7881
1.7891
1.7901
1.7911
1.7921
1.7931
1.7941
1.7951
1.7961
1.7971
1.7981
1.7991
1.8001
1.8011
1.8021
1.8031
1.8041
1.8051
1.8061
1.8071
1.8081
1.8091
1.8101
1.8111
1.8121
1.8131
1.8141
1.8151
1.8161
1.8171
1.8181
1.8191
1.8201
1.8211
1.8221
1.8231
1.8241
1.8251
1.8261
1.8271
1.8281
1.8291
1.8301
1.8311
1.8321
1.8331
1.8341
1.8351
1.8361
1.8371
1.8381
1.8391
1.8401
1.8411
1.8421
1.8431
1.8441
1.8451
1.8461
1.8471
1.8481
1.8491
1.8501
1.8511
1.8521
1.8531
1.8541
1.8551
1.8561
1.8571
1.8581
1.8591
1.8601
1.8611
1.8621
1.8631
1.8641
1.8651
1.8661
1.8671
1.8681
1.8691
1.8701
1.8711
1.8721
1.8731
1.8741
1.8751
1.8761
1.8771
1.8781
1.8791
1.8801
1.8811
1.8821
1.8831
1.8841
1.8851
1.8861
1.8871
1.8881
1.8891
1.8901
1.8911
1.8921
1.8931
1.8941
1.8951
1.8961
1.8971
1.8981
1.8991
1.9001
1.9011
1.9021
1.9031
1.9041
1.9051
1.9061
1.9071
1.9081
1.9091
1.9101
1.9111
1.9121
1.9131
1.9141
1.9151
1.9161
1.9171
1.9181
1.9191
1.9201
1.9211
1.9221
1.9231
1.9241
1.9251
1.9261
1.9271
1.9281
1.9291
1.9301
1.9311
1.9321
1.9331
1.9341
1.9351
1.9361
1.9371
1.9381
1.9391
1.9401
1.9411
1.9421
1.9431
1.9441
1.9451
1.9461
1.9471
1.9481
1.9491
1.9501
1.9511
1.9521
1.9531
1.9541
1.9551
1.9561
1.9571
1.9581
1.9591
1.9601
1.9611
1.9621
1.9631
1.9641
1.9651
1.9661
1.9671
1.9681
1.9691
1.9701
1.9711
1.9721
1.9731
1.9741
1.9751
1.9761
1.9771
1.9781
1.9791
1.9801
1.9811
1.9821
1.9831
1.9841
1.9851
1.9861
1.9871
1.9881
1.9891
1.9901
1.9911
1.9921
1.9931
1.9941
1.9951
1.9961
1.9971
1.9981
1.9991
2.0001
2.0011
2.0021
2.0031
2.0041
2.0051
2.0061
2.0071
2.0081
2.0091
2.0101
2.0111
2.0121
2.0131
2.0141
2.0151
2.0161
2.0171
2.0181
2.0191
2.0201
2.0211
2.0221
2.0231
2.0241
2.0251
2.0261
2.0271
2.0281
2.0291
2.0301
2.0311
2.0321
2.0331
2.0341
2.0351
2.0361
2.0371
2.0381
2.0391
2.0401
2.0411
2.0421
2.0431
2.0441
2.0451
2.0461
2.0471
2.0481
2.0491
2.0501
2.0511
2.0521
2.0531
2.0541
2.0551
2.0561
2.0571
2.0581
2.0591
2.0601
2.0611
2.0621
2.0631
2.0641
2.0651
2.0661
2.0671
2.0681
2.0691
2.0701
2.0711
2.0721
2.0731
2.0741
2.0751
2.0761
2.0771
2.0781
2.0791
2.0801
2.0811
2.0821
2.0831
2.0841
2.0851
2.0861
2.0871
2.0881
2.0891
2.0901
2.0911
2.0921
2.0931
2.0941
2.0951
2.0961
2.0971
2.0981
2.0991
2.1001
2.1011
2.1021
2.1031
2.1041
2.1051
2.1061
2.1071
2.1081
2.1091
2.1101
2.1111
2.1121
2.1131
2.1141
2.1151
2.1161
2.1171
2.1181
2.1191
2.1201
2.1211
2.1221
2.1231
2.1241
2.1251
2.1261
2.1271
2.1281
2.1291
2.1301
2.1311
2.1321
2.1331
2.1341
2.1351
2.1361
2.1371
2.1381
2.1391
2.1401
2.1411
2.1421
2.1431
2.1441
2.1451
2.1461
2.1471
2.1481
2.1491
2.1501
2.1511
2.1521
2.1531
2.1541
2.1551
2.1561
2.1571
2.1581
2.1591
2.1601
2.1611
2.1621
2.1631
2.1641
2.1651
2.1661
2.1671
2.1681
2.1691
2.1701
2.1711
2.1721
2.1731
2.1741
2.1751
2.1761
2.1771
2.1781
2.1791
2.1801
2.1811
2.1821
2.1831
2.1841
2.1851
2.1861
2.1871
2.1881
2.1891
2.1901
2.1911
2.1921
2.1931
2.1941
2.1951
2.1961
2.1971
2.1981
2.1991
2.2001
2.2011
2.2021
2.2031
2.2041
2.2051
2.2061
2.2071
2.2081
2.2091
2.2101
2.2111
2.2121
2.2131
2.2141
2.2151
2.2161
2.2171
2.2181
2.2191
2.2201
2.2211
2.2221
2.2231
2.2241
2.2251
2.2261
2.2271
2.2281
2.2291
2.2301
2.2311
2.2321
2.2331
2.2341
2.2351
2.2361
2.2371
2.2381
2.2391
2.2401
2.2411
2.2421
2.2431
2.2441
2.2451
2.2461
2.2471
2.2481
2.2491
2.2501
2.2511
2.2521
2.2531
2.2541
2.2551
2.2561
2.2571
2.2581
2.2591
2.2601
2.2611
2.2621
2.2631
2.2641
2.2651
2.2661
2.2671
2.2681
2.2691
2.2701
2.2711
2.2721
2.2731
2.2741
2.2751
2.2761
2.2771
2.2781
2.2791
2.2801
2.2811
2.2821
2.2831
2.2841
2.2851
2.2861
2.2871
2.2881
2.2891
2.2901
2.2911
2.2921
2.2931
2.2941
2.2951
2.2961
2.2971
2.2981
2.2991
2.3001
2.3011
2.3021
2.3031
2.3041
2.3051
2.3061
2.3071
2.3081
2.3091
2.3101
2.3111
2.3121
2.3131
2.3141
2.3151
2.3161
2.3171
2.3181
2.3191
2.3201
2.3211
2.3221
2.3231
2.3241
2.3251
2.3261
2.3271
2.3281
2.3291
2.3301
2.3311
2.3321
2.3331
2.3341
2.3351
2.3361
2.3371
2.3381
2.3391
2.3401
2.3411
2.3421
2.3431
2.3441
2.3451
2.3461
2.3471
2.3481
2.3491
2.3501
2.3511
2.3521
2.3531
2.3541
2.3551
2.3561
2.3571
2.3581
2.3591
2.3601
2.3611
2.3621
2.3631
2.3641
2.3651
2.3661
2.3671
2.3681
2.3691
2.3701
2.3711
2.3721
2.3731
2.3741
2.3751
2.3761
2.3771
2.3781
2.3791
2.3801
2.3811
2.3821
2.3831
2.3841
2.3851
2.3861
2.3871
2.3881
2.3891
2.3901
2.3911
2.3921
2.3931
2.3941
2.3951
2.3961
2.3971
2.3981
2.3991
2.4001
2.4011
2.4021
2.4031
2.4041
2.4051
2.4061
2.4071
2.4081
2.4091
2.4101
2.4111
2.4121
2.4131
2.4141
2.4151
2.4161
2.4171
2.4181
2.4191
2.4201
2.4211
2.4221
2.4231
2.4241
2.4251
2.4261
2.4271
2.4281
2.4291
2.4301
2.4311
2.4321
2.4331
2.4341
2.4351
2.4361
2.4371
2.4381
2.4391
2.4401
2.4411
2.4421
2.4431
2.4441
2.4451
2.4461
2.4471
2.4481
2.4491
2.4501
2.4511
2.4521
2.4531
2.4541
2.4551
2.4561
2.4571
2.4581
2.4591
2.4601
2.4611
2.4621
2.4631
2.4641
2.4651
2.4661
2.4671
2.4681
2.4691
2.4701
2.4711
2.4721
2.4731
2.4741
2.4751
2.4761
2.4771
2.4781
2.4791
2.4801
2.4811
2.4821
2.4831
2.4841
2.4851
2.4861
2.4871
2.4881
2.4891
2.4901
2.4911
2.4921
2.4931
2.4941
2.4951
2.4961
2.4971
2.4981
2.4991
2.5001
2.5011
2.5021
2.5031
2.5041
2.5051
2.5061
2.5071
2.5081
2.5091
2.5101
2.5111
2.5121
2.5131
2.5141
2.5151
2.5161
2.5171
2.5181
2.5191
2.5201
2.5211
2.5221
2.5231
2.5241
2.5251
2.5261
2.5271
2.5281
2.5291
2.5301
2.5311
2.5321
2.5331
2.5341
2.5351
2.5361
2.5371
2.5381
2.5391
2.5401
2.5411
2.5421
2.5431
2.5441
2.5451
2.5461
2.5471
2.5481
2.5491
2.5501
2.5511
2.5521
2.5531
2.5541
2.5551
2.5561
2.5571
2.5581
2.5591
2.5601
2.5611
2.5621
2.5631
2.5641
2.5651
2.5661
2.5671
2.5681
2.5691
2.5701
2.5711
2.5721
2.5731
2.5741
2.5751
2.5761
2.5771
2.5781
2.5791
2.5801
2.5811
2.5821
2.5831
2.5841
2.5851
2.5861
2.5871
2.5881
2.5891
2.5901
2.5911
2.5921
2.5931
2.5941
2.5951
2.5961
2.5971
2.5981
2.5991
2.6001
2.6011
2.6021
2.6031
2.6041
2.6051
2.6061
2.6071
2.6081
2.6091
2.6101
2.6111
2.6121
2.6131
2.6141
2.6151
2.6161
2.6171
2.6181
2.6191
2.6201
2.6211
2.6221
2.6231
2.6241
2.6251
2.6261
2.6271
2.6281
2.6291
2.6301
2.6311
2.6321
2.6331
2.6341
2.6351
2.6361
2.6371
2.6381
2.6391
2.6401
2.6411
2.6421
2.6431
2.6441
2.6451
2.6461
2.6471
2.6481
2.6491
2.6501
2.6511
2.6521
2.6531
2.6541
2.6551
2.6561
2.6571
2.6581
2.6591
2.6601
2.6611
2.6621
2.6631
2.6641
2.6651
2.6661
2.6671
2.6681
2.6691
2.6701
2.6711
2.6721
2.6731
2.6741
2.6751
2.6761
2.6771
2.6781
2.6791
2.6801
2.6811
2.6821
2.6831
2.6841
2.6851
2.6861
2.6871
2.6881
2.6891
2.6901
2.6911
2.6921
2.6931
2.6941
2.6951
2.6961
2.6971
2.6981
2.6991
2.7001
2.7011
2.7021
2.7031
2.7041
2.7051
2.7061
2.7071
2.7081
2.7091
2.7101
2.7111
2.7121
2.7131
2.7141
2.7151
2.7161
2.7171
2.7181
2.7191
2.7201
2.7211
2.7221
2.7231
2.7241
2.7251
2.7261
2.7271
2.7281
2.7291
2.7301
2.7311
2.7321
2.7331
2.7341
2.7351
2.7361
2.7371
2.7381
2.7391
2.7401
2.7411
2.7421
2.7431
2.7441
2.7451
2.7461
2.7471
2.7481
2.7491
2.7501
2.7511
2.7521
2.7531
2.7541
2.7551
2.7561
2.7571
2.7581
2.7591
2.7601
2.7611
2.7621
2.7631
2.7641
2.7651
2.7661
2.7671
2.7681
2.7691
2.7701
2.7711
2.7721
2.7731
2.7741
2.7751
2.7761
2.7771
2.7781
2.7791
2.7801
2.7811
2.7821
2.7831
2.7841
2.7851
2.7861
2.7871
2.7881
2.7891
2.7901
2.7911
2.7921
2.7931
2.7941
2.7951
2.7961
2.7971
2.7981
2.7991
2.8001
2.8011
2.8021
2.8031
2.8041
2.8051
2.8061
2.8071
2.8081
2.8091
2.8101
2.8111
2.8121
2.8131
2.8141
2.8151
2.8161
2.8171
2.8181
2.8191
2.8201
2.8211
2.8221
2.8231
2.8241
2.8251
2.8261
2.8271
2.8281
2.8291
2.8301
2.8311
2.8321
2.8331
2.8341
2.8351
2.8361
2.8371
2.8381
2.8391
2.8401
2.8411
2.8421
2.8431
2.8441
2.8451
2.8461
2.8471
2.8481
2.8491
2.8501
2.8511
2.8521
2.8531
2.8541
2.8551
2.8561
2.8571
2.8581
2.8591
2.8601
2.8611
2.8621
2.8631
2.8641
2.8651
2.8661
2.8671
2.8681
2.8691
2.8701
2.8711
2.8721
2.8731
2.8741
2.8751
2.8761
2.8771
2.8781
2.8791
2.8801
2.8811
2.8821
2.8831
2.8841
2.8851
2.8861
2.8871
2.8881
2.8891
2.8901
2.8911
2.8921
2.8931
2.8941
2.8951
2.8961
2.8971
2.8981
2.8991
2.9001
2.9011
2.9021
2.9031
2.9041
2.9051
2.9061
2.9071
2.9081
2.9091
2.9101
2.9111
2.9121
2.9131
2.9141
2.9151
2.9161
2.9171
2.9181
2.9191
2.9201
2.9211
2.9221
2.9231
2.9241
2.9251
2.9261
2.9271
2.9281
2.9291
2.9301
2.9311
2.9321
2.9331
2.9341
2.9351
2.9361
2.9371
2.9381
2.9391
2.9401
2.9411
2.9421
2.9431
2.9441
2.9451
2.9461
2.9471
2.9481
2.9491
2.9501
2.9511
2.9521
2.9531
2.9541
2.9551
2.9561
2.9571
2.9581
2.9591
2.9601
2.9611
2.9621
2.9631
2.9641
2.9651
2.9661
2.9671
2.9681
2.9691
2.9701
2.9711
2.9721
2.9731
2.9741
2.9751
2.9761
2.9771
2.9781
2.9791
2.9801
2.9811
2.9821
2.9831
2.9841
2.9851
2.9861
2.9871
2.9881
2.9891
2.9901
2.9911
2.9921
2.9931
2.9941
2.9951
2.9961
2.9971
2.9981
2.9991
3.0001
3.0011
3.0021
3.0031
3.0041
3.0051
3.0061
3.0071
3.0081
3.0091
3.0101
3.0111
3.0121
3.0131
3.0141
3.0151
3.0161
3.0171
3.0181
3.0191
3.0201
3.0211
3.0221
3.0231
3.0241
3.0251
3.0261
3.0271
3.0281
3.0291
3.0301
3.0311
3.0321
3.0331
3.0341
3.0351
3.0361
3.0371
3.0381
3.0391
3.0401
3.0411
3.0421
3.0431
3.0441
3.0451
3.0461
3.0471
3.0481
3.0491
3.0501
3.0511
3.0521
3.0531
3.0541
3.0551
3.0561
3.0571
3.0581
3.0591
3.0601
3.0611
3.0621
3.0631
3.0641
3.0651
3.0661
3.0671
3.0681
3.0691
3.0701
3.0711
3.0721
3.0731
3.0741
3.0751
3.0761
3.0771
3.0781
3.0791
3.0801
3.0811
3.0821
3.0831
3.0841
3.0851
3.0861
3.0871
3.0881
3.0891
3.0901
3.0911
3.0921
3.0931
3.0941
3.0951
3.0961
3.0971
3.0981
3.0991
3.1001
3.1011
3.1021
3.1031
3.1041
3.1051
3.1061
3.1071
3.1081
3.1091
3.1101
3.1111
3.1121
3.1131
3.1141
3.1151
3.1161
3.1171
3.1181
3.1191
3.1201
3.1211
3.1221
3.1231
3.1241
3.1251
3.1261
3.1271
3.1281
3.1291
3.1301
3.1311
3.1321
3.1331
3.1341
3.1351
3.1361
3.1371
3.1381
3.1391
3.1401
3.1411
3.1421
3.1431
3.1441
3.1451
3.1461
3.1471
3.1481
3.1491
3.1501
3.1511
3.1521
3.1531
3.1541
3.1551
3.1561
3.1571
3.1581
3.1591
3.1601
3.1611
3.1621
3.1631
3.1641
3.1651
3.1661
3.1671
3.1681
3.1691
3.1701
3.1711
3.1721
3.1731
3.1741
3.1751
3.1761
3.1771
3.1781
3.1791
3.1801
3.1811
3.1821
3.1831
3.1841
3.1851
3.1861
3.1871
3.1881
3.1891
3.1901
3.1911
3.1921
3.1931
3.1941
3.1951
3.1961
3.1971
3.1981
3.1991
3.2001
3.2011
3.2021
3.2031
3.2041
3.2051
3.2061
3.2071
3.2081
3.2091
3.2101
3.2111
3.2121
3.2131
3.2141
3.2151
3.2161
3.2171
3.2181
3.2191
3.2201
3.2211
3.2221
3.2231
3.2241
3.2251
3.2261
3.2271
3.2281
3.2291
3.2301
3.2311
3.2321
3.2331
3.2341
3.2351
3.2361
3.2371
3.2381
3.2391
3.2401
3.2411
3.2421
3.2431
3.2441
3.2451
3.2461
3.2471
3.2481
3.2491
3.2501
3.2511
3.2521
3.2531
3.2541
3.2551
3.2561
3.2571
3.2581
3.2591
3.2601
3.2611
3.2621
3.2631
3.2641
3.2651
3.2661
3.2671
3.2681
3.2691
3.2701
3.2711
3.2721
3.2731
3.2741
3.2751
3.2761
3.2771
3.2781
3.2791
3.2801
3.2811
3.2821
3.2831
3.2841
3.2851
3.2861
3.2871
3.2881
3.2891
3.2901
3.2911
3.2921
3.2931
3.2941
3.2951
3.2961
3.2971
3.2981
3.2991
3.3001
3.3011
3.3021
3.3031
3.3041
3.3051
3.3061
3.3071
3.3081
3.3091
3.3101
3.3111
3.3121
3.3131
3.3141
3.3151
3.3161
3.3171
3.3181
3.3191
3.3201
3.3211
3.3221
3.3231
3.3241
3.3251
3.3261
3.3271
3.3281
3.3291
3.3301
3.3311
3.3321
3.3331
3.3341
3.3351
3.3361
3.3371
3.3381
3.3391
3.3401
3.3411
3.3421
3.3431
3.3441
3.3451
3.3461
3.3471
3.3481
3.3491
3.3501
3.3511
3.3521
3.3531
3.3541
3.3551
3.3561
3.3571
3.3581
3.3591
3.3601
3.3611
3.3621
3.3631
3.3641
3.3651
3.3661
3.3671
3.3681
3.3691
3.3701
3.3711
3.3721
3.3731
3.3741
3.3751
3.3761
3.3771
3.3781
3.3791
3.3801
3.3811
3.3821
3.3831
3.3841
3.3851
3.3861
3.3871
3.3881
3.3891
3.3901
3.3911
3.3921
3.3931
3.3941
3.3951
3.3961
3.3971
3.3981
3.3991
3.4001
3.4011
3.4021
3.4031
3.4041
3.4051
3.4061
3.4071
3.4081
3.4091
3.4101
3.4111
3.4121
3.4131
3.4141
3.4151
3.4161
3.4171
3.4181
3.4191
3.4201
3.4211
3.4221
3.4231
3.4241
3.4251
3.4261
3.4271
3.4281
3.4291
3.4301
3.4311
3.4321
3.4331
3.4341
3.4351
3.4361
3.4371
3.4381
3.4391
3.4401
3.4411
3.4421
3.4431
3.4441
3.4451
3.4461
3.4471
3.4481
3.4491
3.4501
3.4511
3.4521
3.4531
3.4541
3.4551
3.4561
3.4571
3.4581
3.4591
3.4601
3.4611
3.4621
3.4631
3.4641
3.4651
3.4661
3.4671
3.4681
3.4691
3.4701
3.4711
3.4721
3.4731
3.4741
3.4751
3.4761
3.4771
3.4781
3.4791
3.4801
3.4811
3.4821
3.4831
3.4841
3.4851
3.4861
3.4871
3.4881
3.4891
3.4901
3.4911
3.4921
3.4931
3.4941
3.4951
3.4961
3.4971
3.4981
3.4991
3.5001
3.5011
3.5021
3.5031
3.5041
3.5051
3.5061
3.5071
3.5081
3.5091
3.5101
3.5111
3.5121
3.5131
3.5141
3.5151
3.5161
3.5171
3.5181
3.5191
3.5201
3.5211
3.5221
3.5231
3.5241
3.5251
3.5261
3.5271
3.5281
3.5291
3.5301
3.5311
3.5321
3.5331
3.5341
3.5351
3.5361
3.5371
3.5381
3.5391
3.5401
3.5411
3.5421
3.5431
3.5441
3.5451
3.5461
3.5471
3.5481
3.5491
3.5501
3.5511
3.5521
3.5531
3.5541
3.5551
3.5561
3.5571
3.5581
3.5591
3.5601
3.5611
3.5621
3.5631
3.5641
3.5651
3.5661
3.5671
3.5681
3.5691
3.5701
3.5711
3.5721
3.5731
3.5741
3.5751
3.5761
3.5771
3.5781
3.5791
3.5801
3.5811
3.5821
3.5831
3.5841
3.5851
3.5861
3.5871
3.5881
3.5891
3.5901
3.5911
3.5921
3.5931
3.5941
3.5951
3.5961
3.5971
3.5981
3.5991
3.6001
3.6011
3.6021
3.6031
3.6041
3.6051
3.6061
3.6071
3.6081
3.6091
3.6101
3.6111
3.6121
3.6131
3.6141
3.6151
3.6161
3.6171
3.6181
3.6191
3.6201
3.6211
3.6221
3.6231
3.6241
3.6251
3.6261
3.6271
3.6281
3.6291
3.6301
3.6311
3.6321
3.6331
3.6341
3.6351
3.6361
3.6371
3.6381
3.6391
3.6401
3.6411
3.6421
3.6431
3.6441
3.6451
3.6461
3.6471
3.6481
3.6491
3.6501
3.6511
3.6521
3.6531
3.6541
3.6551
3.6561
3.6571
3.6581
3.6591
3.6601
3.6611
3.6621
3.6631
3.6641
3.6651
3.6661
3.6671
3.6681
3.6691
3.6701
3.6711
3.6721
3.6731
3.6741
3.6751
3.6761
3.6771
3.6781
3.6791
3.6801
3.6811
3.6821
3.6831
3.6841
3.6851
3.6861
3.6871
3.6881
3.6891
3.6901
3.6911
3.6921
3.6931
3.6941
3.6951
3.6961
3.6971
3.6981
3.6991
3.7001
3.7011
3.7021
3.7031
3.7041
3.7051
3.7061
3.7071
3.7081
3.7091
3.7101
3.7111
3.7121
3.7131
3.7141
3.7151
3.7161
3.7171
3.7181
3.7191
3.7201
3.7211
3.7221
3.7231
3.7241
3.7251
3.7261
3.7271
3.7281
3.7291
3.7301
3.7311
3.7321
3.7331
3.7341
3.7351
3.7361
3.7371
3.7381
3.7391
3.7401
3.7411
3.7421
3.7431
3.7441
3.7451
3.7461
3.7471
3.7481
3.7491
3.7501
3.7511
3.7521
3.7531
3.7541
3.7551
3.7561
3.7571
3.7581
3.7591
3.7601
3.7611
3.7621
3.7631
3.7641
3.7651
3.7661
3.7671
3.7681
3.7691
3.7701
3.7711
3.7721
3.7731
3.7741
3.7751
3.7761
3.7771
3.7781
3.7791
3.7801
3.7811
3.7821
3.7831
3.7841
3.7851
3.7861
3.7871
3.7881
3.7891
3.7901
3.7911
3.7921
3.7931
3.7941
3.7951
3.7961
3.7971
3.7981
3.7991
3.8001
3.8011
3.8021
3.8031
3.8041
3.8051
3.8061
3.8071
3.8081
3.8091
3.8101
3.8111
3.8121
3.8131
3.8141
3.8151
3.8161
3.8171
3.8181
3.8191
3.8201
3.8211
3.8221
3.8231
3.8241
3.8251
3.8261
3.8271
3.8281
3.8291
3.8301
3.8311
3.8321
3.8331
3.8341
3.8351
3.8361
3.8371
3.8381
3.8391
3.8401
3.8411
3.8421
3.8431
3.8441
3.8451
3.8461
3.8471
3.8481
3.8491
3.8501
3.8511
3.8521
3.8531
3.8541
3.8551
3.8561
3.8571
3.8581
3.8591
3.8601
3.8611
3.8621
3.8631
3.8641
3.8651
3.8661
3.8671
3.8681
3.8691
3.8701
3.8711
3.8721
3.8731
3.8741
3.8751
3.8761
3.8771
3.8781
3.8791
3.8801
3.8811
3.8821
3.8831
3.8841
3.8851
3.8861
3.8871
3.8881
3.8891
3.8901
3.8911
3.8921
3.8931
3.8941
3.8951
3.8961
3.8971
3.8981
3.8991
3.9001
3.9011
3.9021
3.9031
3.9041
3.9051
3.9061
3.9071
3.9081
3.9091
3.9101
3.9111
3.9121
3.9131
3.9141
3.9151
3.9161
3.9171
3.9181
3.9191
3.9201
3.9211
3.9221
3.9231
3.9241
3.9251
3.9261
3.9271
3.9281
3.9291
3.9301
3.9311
3.9321
3.9331
3.9341
3.9351
3.9361
3.9371
3.9381
3.9391
3.9401
3.9411
3.9421
3.9431
3.9441
3.9451
3.9461
3.9471
3.9481
3.9491
3.9501
3.9511
3.9521
3.9531
3.9541
3.9551
3.9561
3.9571
3.9581
3.9591
3.9601
3.9611
3.9621
3.9631
3.9641
3.9651
3.9661
3.9671
3.9681
3.9691
3.9701
3.9711
3.9721
3.9731
3.9741
3.9751
3.9761
3.9771
3.9781
3.9791
3.9801
3.9811
3.9821
3.9831
3.9841
3.9851
3.9861
3.9871
3.9881
3.9891
3.9901
3.9911
3.9921
3.9931
3.9941
3.9951
3.9961
3.9971
3.9981
3.9991
4.0001
4.0011
4.0021
4.0031
4.0041
4.0051
4.0061
4.0071
4.0081
4.0091
4.0101
4.0111
4.0121
4.0131
4.0141
4.0151
4.0161
4.0171
4.0181
4.0191
4.0201
4.0211
4.0221
4.0231
4.0241
4.0251
4.0261
4.0271
4.0281
4.0291
4.0301
4.0311
4.0321
4.0331
4.0341
4.0351
4.0361
4.0371
4.0381
4.0391
4.0401
4.0411
4.0421
4.0431
4.0441
4.0451
4.0461
4.0471
4.0481
4.0491
4.0501
4.0511
4.0521
4.0531
4.0541
4.0551
4.0561
4.0571
4.0581
4.0591
4.0601
4.0611
4.0621
4.0631
4.0641
4.0651
4.0661
4.0671
4.0681
4.0691
4.0701
4.0711
4.0721
4.0731
4.0741
4.0751
4.0761
4.0771
4.0781
4.0791
4.0801
4.0811
4.0821
4.0831
4.0841
4.0851
4.0861
4.0871
4.0881
4.0891
4.0901
4.0911
4.0921
4.0931
4.0941
4.0951
4.0961
4.0971
4.0981
4.0991
4.1001
4.1011
4.1021
4.1031
4.1041
4.1051
4.1061
4.1071
4.1081
4.1091
4.1101
4.1111
4.1121
4.1131
4.1141
4.1151
4.1161
4.1171
4.1181
4.1191
4.1201
4.1211
4.1221
4.1231
4.1241
4.1251
4.1261
4.1271
4.1281
4.1291
4.1301
4.1311
4.1321
4.1331
4.1341
4.1351
4.1361
4.1371
4.1381
4.1391
4.1401
4.1411
4.1421
4.1431
4.1441
4.1451
4.1461
4.1471
4.1481
4.1491
4.1501
4.1511
4.1521
4.1531
4.1541
4.1551
4.1561
4.1571
4.1581
4.1591
4.1601
4.1611
4.1621
4.1631
4.1641
4.1651
4.1661
4.1671
4.1681
4.1691
4.1701
4.1711
4.1721
4.1731
4.1741
4.1751
4.1761
4.1771
4.1781
4.1791
4.1801
4.1811
4.1821
4.1831
4.1841
4.1851
4.1861
4.1871
4.1881
4.1891
4.1901
4.1911
4.1921
4.1931
4.1941
4.1951
4.1961
4.1971
4.1981
4.1991
4.2001
4.2011
4.2021
4.2031
4.2041
4.2051
4.2061
4.2071
4.2081
4.2091
4.2101
4.2111
4.2121
4.2131
4.2141
4.2151
4.2161
4.2171
4.2181
4.2191
4.2201
4.2211
4.2221
4.2231
4.2241
4.2251
4.2261
4.2271
4.2281
4.2291
4.2301
4.2311
4.2321
4.2331
4.2341
4.2351
4.2361
4.2371
4.2381
4.2391
4.2401
4.2411
4.2421
4.2431
4.2441
4.2451
4.2461
4.2471
4.2481
4.2491
4.2501
4.2511
4.2521
4.2531
4.2541
4.2551
4.2561
4.2571
4.2581
4.2591
4.2601
4.2611
4.2621
4.2631
4.2641
4.2651
4.2661
4.2671
4.2681
4.2691
4.2701
4.2711
4.2721
4.2731
4.2741
4.2751
4.2761
4.2771
4.2781
4.2791
4.2801
4.2811
4.2821
4.2831
4.2841
4.2851
4.2861
4.2871
4.2881
4.2891
4.2901
4.2911
4.2921
4.2931
4.2941
4.2951
4.2961
4.2971
4.2981
4.2991
4.3001
4.3011
4.3021
4.3031
4.3041
4.3051
4.3061
4.3071
4.3081
4.3091
4.3101
4.3111
4.3121
4.3131
4.3141
4.3151
4.3161
4.3171
4.3181
4.3191
4.3201
4.3211
4.3221
4.3231
4.3241
4.3251
4.3261
4.3271
4.3281
4.3291
4.3301
4.3311
4.3321
4.3331
4.3341
4.3351
4.3361
4.3371
4.3381
4.3391
4.3401
4.3411
4.3421
4.3431
4.3441
4.3451
4.3461
4.3471
4.3481
4.3491
4.3501
4.3511
4.3521
4.3531
4.3541
4.3551
4.3561
4.3571
4.3581
4.3591
4.3601
4.3611
4.3621
4.3631
4.3641
4.3651
4.3661
4.3671
4.3681
4.3691
4.3701
4.3711
4.3721
4.3731
4.3741
4.3751
4.3761
4.3771
4.3781
4.3791
4.3801
4.3811
4.3821
4.3831
4.3841
4.3851
4.3861
4.3871
4.3881
4.3891
4.3901
4.3911
4.3921
4.3931
4.3941
4.3951
4.3961
4.3971
4.3981
4.3991
4.4001
4.4011
4.4021
4.4031
4.4041
4.4051
4.4061
4.4071
4.4081
4.4091
4.4101
4.4111
4.4121
4.4131
4.4141
4.4151
4.4161
4.4171
4.4181
4.4191
4.4201
4.4211
4.4221
4.4231
4.4241
4.4251
4.4261
4.4271
4.4281
4.4291
4.4301
4.4311
4.4321
4.4331
4.4341
4.4351
4.4361
4.4371
4.4381
4.4391
4.4401
4.4411
4.4421
4.4431
4.4441
4.4451
4.4461
4.4471
4.4481
4.4491
4.4501
4.4511
4.4521
4.4531
4.4541
4.4551
4.4561
4.4571
4.4581
4.4591
4.4601
4.4611
4.4621
4.4631
4.4641
4.4651
4.4661
4.4671
4.4681
4.4691
4.4701
4.4711
4.4721
4.4731
4.4741
4.4751
4.4761
4.4771
4.4781
4.4791
4.4801
4.4811
4.4821
4.4831
4.4841
4.4851
4.4861
4.4871
4.4881
4.4891
4.4901
4.4911
4.4921
4.4931
4.4941
4.4951
4.4961
4.4971
4.4981
4.4991
4.5001
4.5011
4.5021
4.5031
4.5041
4.5051
4.5061
4.5071
4.5081
4.5091
4.5101
4.5111
4.5121
4.5131
4.5141
4.5151
4.5161
4.5171
4.5181
4.5191
4.5201
4.5211
4.5221
4.5231
4.5241
4.5251
4.5261
4.5271
4.5281
4.5291
4.5301
4.5311
4.5321
4.5331
4.5341
4.5351
4.5361
4.5371
4.5381
4.5391
4.5401
4.5411
4.5421
4.5431
4.5441
4.5451
4.5461
4.5471
4.5481
4.5491
4.5501
4.5511
4.5521
4.5531
4.5541
4.5551
4.5561
4.5571
4.5581
4.5591
4.5601
4.5611
4.5621
4.5631
4.5641
4.5651
4.5661
4.5671
4.5681
4.5691
4.5701
4.5711
4.5721
4.5731
4.5741
4.5751
4.5761
4.5771
4.5781
4.5791
4.5801
4.5811
4.5821
4.5831
4.5841
4.5851
4.5861
4.5871
4.5881
4.5891
4.5901
4.5911
4.5921
4.5931
4.5941
4.5951
4.5961
4.5971
4.5981
4.5991
4.6001
4.6011
4.6021
4.6031
4.6041
4.6051
4.6061
4.6071
4.6081
4.6091
4.6101
4.6111
4.6121
4.6131
4.6141
4.6151
4.6161
4.6171
4.6181
4.6191
4.6201
4.6211
4.6221
4.6231
4.6241
4.6251
4.6261
4.6271
4.6281
4.6291
4.6301
4.6311
4.6321
4.6331
4.6341
4.6351
4.6361
4.6371
4.6381
4.6391
4.6401
4.6411
4.6421
4.6431
4.6441
4.6451
4.6461
4.6471
4.6481
4.6491
4.6501
4.6511
4.6521
4.6531
4.6541
4.6551
4.6561
4.6571
4.6581
4.6591
4.6601
4.6611
4.6621
4.6631
4.6641
4.6651
4.6661
4.6671
4.6681
4.6691
4.6701
4.6711
4.6721
4.6731
4.6741
4.6751
4.6761
4.6771
4.6781
4.6791
4.6801
4.6811
4.6821
4.6831
4.6841
4.6851
4.6861
4.6871
4.6881
4.6891
4.6901
4.6911
4.6921
4.6931
4.6941
4.6951
4.6961
4.6971
4.6981
4.6991
4.7001
4.7011
4.7021
4.7031
4.7041
4.7051
4.7061
4.7071
4.7081
4.7091
4.7101
4.7111
4.7121
4.7131
4.7141
4.7151
4.7161
4.7171
4.7181
4.7191
4.7201
4.7211
4.7221
4.7231
4.7241
4.7251
4.7261
4.7271
4.7281
4.7291
4.7301
4.7311
4.7321
4.7331
4.7341
4.7351
4.7361
4.7371
4.7381
4.7391
4.7401
4.7411
4.7421
4.7431
4.7441
4.7451
4.7461
4.7471
4.7481
4.7491
4.7501
4.7511
4.7521
4.7531
4.7541
4.7551
4.7561
4.7571
4.7581
4.7591
4.7601
4.7611
4.7621
4.7631
4.7641
4.7651
4.7661
4.7671
4.7681
4.7691
4.7701
4.7711
4.7721
4.7731
4.7741
4.7751
4.7761
4.7771
4.7781
4.7791
4.7801
4.7811
4.7821
4.7831
4.7841
4.7851
4.7861
4.7871
4.7881
4.7891
4.7901
4.7911
4.7921
4.7931
4.7941
4.7951
4.7961
4.7971
4.7981
4.7991
4.8001
4.8011
4.8021
4.8031
4.8041
4.8051
4.8061
4.8071
4.8081
4.8091
4.8101
4.8111
4.8121
4.8131
4.8141
4.8151
4.8161
4.8171
4.8181
4.8191
4.8201
4.8211
4.8221
4.8231
4.8241
4.8251
4.8261
4.8271
4.8281
4.8291
4.8301
4.8311
4.8321
4.8331
4.8341
4.8351
4.8361
4.8371
4.8381
4.8391
4.8401
4.8411
4.8421
4.8431
4.8441
4.8451
4.8461
4.8471
4.8481
4.8491
4.8501
4.8511
4.8521
4.8531
4.8541
4.8551
4.8561
4.8571
4.8581
4.8591
4.8601
4.8611
4.8621
4.8631
4.8641
4.8651
4.8661
4.8671
4.8681
4.8691
4.8701
4.8711
4.8721
4.8731
4.8741
4.8751
4.8761
4.8771
4.8781
4.8791
4.8801
4.8811
4.8821
4.8831
4.8841
4.8851
4.8861
4.8871
4.8881
4.8891
4.8901
4.8911
4.8921
4.8931
4.8941
4.8951
4.8961
4.8971
4.8981
4.8991
4.9001
4.9011
4.9021
4.9031
4.9041
4.9051
4.9061
4.9071
4.9081
4.9091
4.9101
4.9111
4.9121
4.9131
4.9141
4.9151
4.9161
4.9171
4.9181
4.9191
4.9201
4.9211
4.9221
4.9231
4.9241
4.9251
4.9261
4.9271
4.9281
4.9291
4.9301
4.9311
4.9321
4.9331
4.9341
4.9351
4.9361
4.9371
4.9381
4.9391
4.9401
4.9411
4.9421
4.9431
4.9441
4.9451
4.9461
4.9471
4.9481
4.9491
4.9501
4.9511
4.9521
4.9531
4.9541
4.9551
4.9561
4.9571
4.9581
4.9591
4.9601
4.9611
4.9621
4.9631
4.9641
4.9651
4.9661
4.9671
4.9681
4.9691
4.9701
4.9711
4.9721
4.9731
4.9741
4.9751
4.9761
4.9771
4.9781
4.9791
4.9801
4.9811
4.9821
4.9831
4.9841
4.9851
4.9861
4.9871
4.9881
4.9891
4.9901
4.9911
4.9921
4.9931
4.9941
4.9951
4.9961
4.9971
4.9981
4.9991
