-5.0001
-4.9991
-4.9981
-4.9971
-4.9961
-4.9951
-4.9941
-4.9931
-4.9921
-4.9911
-4.9901
-4.9891
-4.9881
-4.9871
-4.9861
-4.9851
-4.9841
-4.9831
-4.9821
-4.9811
-4.9801
-4.9791
-4.9781
-4.9771
-4.9761
-4.9751
-4.9741
-4.9731
-4.9721
-4.9711
-4.9701
-4.9691
-4.9681
-4.9671
-4.9661
-4.9651
-4.9641
-4.9631
-4.9621
-4.9611
-4.9601
-4.9591
-4.9581
-4.9571
-4.9561
-4.9551
-4.9541
-4.9531
-4.9521
-4.9511
-4.9501
-4.9491
-4.9481
-4.9471
-4.9461
-4.9451
-4.9441
-4.9431
-4.9421
-4.9411
-4.9401
-4.9391
-4.9381
-4.9371
-4.9361
-4.9351
-4.9341
-4.9331
-4.9321
-4.9311
-4.9301
-4.9291
-4.9281
-4.9271
-4.9261
-4.9251
-4.9241
-4.9231
-4.9221
-4.9211
-4.9201
-4.9191
-4.9181
-4.9171
-4.9161
-4.9151
-4.9141
-4.9131
-4.9121
-4.9111
-4.9101
-4.9091
-4.9081
-4.9071
-4.9061
-4.9051
-4.9041
-4.9031
-4.9021
-4.9011
-4.9001
-4.8991
-4.8981
-4.8971
-4.8961
-4.8951
-4.8941
-4.8931
-4.8921
-4.8911
-4.8901
-4.8891
-4.8881
-4.8871
-4.8861
-4.8851
-4.8841
-4.8831
-4.8821
-4.8811
-4.8801
-4.8791
-4.8781
-4.8771
-4.8761
-4.8751
-4.8741
-4.8731
-4.8721
-4.8711
-4.8701
-4.8691
-4.8681
-4.8671
-4.8661
-4.8651
-4.8641
-4.8631
-4.8621
-4.8611
-4.8601
-4.8591
-4.8581
-4.8571
-4.8561
-4.8551
-4.8541
-4.8531
-4.8521
-4.8511
-4.8501
-4.8491
-4.8481
-4.8471
-4.8461
-4.8451
-4.8441
-4.8431
-4.8421
-4.8411
-4.8401
-4.8391
-4.8381
-4.8371
-4.8361
-4.8351
-4.8341
-4.8331
-4.8321
-4.8311
-4.8301
-4.8291
-4.8281
-4.8271
-4.8261
-4.8251
-4.8241
-4.8231
-4.8221
-4.8211
-4.8201
-4.8191
-4.8181
-4.8171
-4.8161
-4.8151
-4.8141
-4.8131
-4.8121
-4.8111
-4.8101
-4.8091
-4.8081
-4.8071
-4.8061
-4.8051
-4.8041
-4.8031
-4.8021
-4.8011
-4.8001
-4.7991
-4.7981
-4.7971
-4.7961
-4.7951
-4.7941
-4.7931
-4.7921
-4.7911
-4.7901
-4.7891
-4.7881
-4.7871
-4.7861
-4.7851
-4.7841
-4.7831
-4.7821
-4.7811
-4.7801
-4.7791
-4.7781
-4.7771
-4.7761
-4.7751
-4.7741
-4.7731
-4.7721
-4.7711
-4.7701
-4.7691
-4.7681
-4.7671
-4.7661
-4.7651
-4.7641
-4.7631
-4.7621
-4.7611
-4.7601
-4.7591
-4.7581
-4.7571
-4.7561
-4.7551
-4.7541
-4.7531
-4.7521
-4.7511
-4.7501
-4.7491
-4.7481
-4.7471
-4.7461
-4.7451
-4.7441
-4.7431
-4.7421
-4.7411
-4.7401
-4.7391
-4.7381
-4.7371
-4.7361
-4.7351
-4.7341
-4.7331
-4.7321
-4.7311
-4.7301
-4.7291
-4.7281
-4.7271
-4.7261
-4.7251
-4.7241
-4.7231
-4.7221
-4.7211
-4.7201
-4.7191
-4.7181
-4.7171
-4.7161
-4.7151
-4.7141
-4.7131
-4.7121
-4.7111
-4.7101
-4.7091
-4.7081
-4.7071
-4.7061
-4.7051
-4.7041
-4.7031
-4.7021
-4.7011
-4.7001
-4.6991
-4.6981
-4.6971
-4.6961
-4.6951
-4.6941
-4.6931
-4.6921
-4.6911
-4.6901
-4.6891
-4.6881
-4.6871
-4.6861
-4.6851
-4.6841
-4.6831
-4.6821
-4.6811
-4.6801
-4.6791
-4.6781
-4.6771
-4.6761
-4.6751
-4.6741
-4.6731
-4.6721
-4.6711
-4.6701
-4.6691
-4.6681
-4.6671
-4.6661
-4.6651
-4.6641
-4.6631
-4.6621
-4.6611
-4.6601
-4.6591
-4.6581
-4.6571
-4.6561
-4.6551
-4.6541
-4.6531
-4.6521
-4.6511
-4.6501
-4.6491
-4.6481
-4.6471
-4.6461
-4.6451
-4.6441
-4.6431
-4.6421
-4.6411
-4.6401
-4.6391
-4.6381
-4.6371
-4.6361
-4.6351
-4.6341
-4.6331
-4.6321
-4.6311
-4.6301
-4.6291
-4.6281
-4.6271
-4.6261
-4.6251
-4.6241
-4.6231
-4.6221
-4.6211
-4.6201
-4.6191
-4.6181
-4.6171
-4.6161
-4.6151
-4.6141
-4.6131
-4.6121
-4.6111
-4.6101
-4.6091
-4.6081
-4.6071
-4.6061
-4.6051
-4.6041
-4.6031
-4.6021
-4.6011
-4.6001
-4.5991
-4.5981
-4.5971
-4.5961
-4.5951
-4.5941
-4.5931
-4.5921
-4.5911
-4.5901
-4.5891
-4.5881
-4.5871
-4.5861
-4.5851
-4.5841
-4.5831
-4.5821
-4.5811
-4.5801
-4.5791
-4.5781
-4.5771
-4.5761
-4.5751
-4.5741
-4.5731
-4.5721
-4.5711
-4.5701
-4.5691
-4.5681
-4.5671
-4.5661
-4.5651
-4.5641
-4.5631
-4.5621
-4.5611
-4.5601
-4.5591
-4.5581
-4.5571
-4.5561
-4.5551
-4.5541
-4.5531
-4.5521
-4.5511
-4.5501
-4.5491
-4.5481
-4.5471
-4.5461
-4.5451
-4.5441
-4.5431
-4.5421
-4.5411
-4.5401
-4.5391
-4.5381
-4.5371
-4.5361
-4.5351
-4.5341
-4.5331
-4.5321
-4.5311
-4.5301
-4.5291
-4.5281
-4.5271
-4.5261
-4.5251
-4.5241
-4.5231
-4.5221
-4.5211
-4.5201
-4.5191
-4.5181
-4.5171
-4.5161
-4.5151
-4.5141
-4.5131
-4.5121
-4.5111
-4.5101
-4.5091
-4.5081
-4.5071
-4.5061
-4.5051
-4.5041
-4.5031
-4.5021
-4.5011
-4.5001
-4.4991
-4.4981
-4.4971
-4.4961
-4.4951
-4.4941
-4.4931
-4.4921
-4.4911
-4.4901
-4.4891
-4.4881
-4.4871
-4.4861
-4.4851
-4.4841
-4.4831
-4.4821
-4.4811
-4.4801
-4.4791
-4.4781
-4.4771
-4.4761
-4.4751
-4.4741
-4.4731
-4.4721
-4.4711
-4.4701
-4.4691
-4.4681
-4.4671
-4.4661
-4.4651
-4.4641
-4.4631
-4.4621
-4.4611
-4.4601
-4.4591
-4.4581
-4.4571
-4.4561
-4.4551
-4.4541
-4.4531
-4.4521
-4.4511
-4.4501
-4.4491
-4.4481
-4.4471
-4.4461
-4.4451
-4.4441
-4.4431
-4.4421
-4.4411
-4.4401
-4.4391
-4.4381
-4.4371
-4.4361
-4.4351
-4.4341
-4.4331
-4.4321
-4.4311
-4.4301
-4.4291
-4.4281
-4.4271
-4.4261
-4.4251
-4.4241
-4.4231
-4.4221
-4.4211
-4.4201
-4.4191
-4.4181
-4.4171
-4.4161
-4.4151
-4.4141
-4.4131
-4.4121
-4.4111
-4.4101
-4.4091
-4.4081
-4.4071
-4.4061
-4.4051
-4.4041
-4.4031
-4.4021
-4.4011
-4.4001
-4.3991
-4.3981
-4.3971
-4.3961
-4.3951
-4.3941
-4.3931
-4.3921
-4.3911
-4.3901
-4.3891
-4.3881
-4.3871
-4.3861
-4.3851
-4.3841
-4.3831
-4.3821
-4.3811
-4.3801
-4.3791
-4.3781
-4.3771
-4.3761
-4.3751
-4.3741
-4.3731
-4.3721
-4.3711
-4.3701
-4.3691
-4.3681
-4.3671
-4.3661
-4.3651
-4.3641
-4.3631
-4.3621
-4.3611
-4.3601
-4.3591
-4.3581
-4.3571
-4.3561
-4.3551
-4.3541
-4.3531
-4.3521
-4.3511
-4.3501
-4.3491
-4.3481
-4.3471
-4.3461
-4.3451
-4.3441
-4.3431
-4.3421
-4.3411
-4.3401
-4.3391
-4.3381
-4.3371
-4.3361
-4.3351
-4.3341
-4.3331
-4.3321
-4.3311
-4.3301
-4.3291
-4.3281
-4.3271
-4.3261
-4.3251
-4.3241
-4.3231
-4.3221
-4.3211
-4.3201
-4.3191
-4.3181
-4.3171
-4.3161
-4.3151
-4.3141
-4.3131
-4.3121
-4.3111
-4.3101
-4.3091
-4.3081
-4.3071
-4.3061
-4.3051
-4.3041
-4.3031
-4.3021
-4.3011
-4.3001
-4.2991
-4.2981
-4.2971
-4.2961
-4.2951
-4.2941
-4.2931
-4.2921
-4.2911
-4.2901
-4.2891
-4.2881
-4.2871
-4.2861
-4.2851
-4.2841
-4.2831
-4.2821
-4.2811
-4.2801
-4.2791
-4.2781
-4.2771
-4.2761
-4.2751
-4.2741
-4.2731
-4.2721
-4.2711
-4.2701
-4.2691
-4.2681
-4.2671
-4.2661
-4.2651
-4.2641
-4.2631
-4.2621
-4.2611
-4.2601
-4.2591
-4.2581
-4.2571
-4.2561
-4.2551
-4.2541
-4.2531
-4.2521
-4.2511
-4.2501
-4.2491
-4.2481
-4.2471
-4.2461
-4.2451
-4.2441
-4.2431
-4.2421
-4.2411
-4.2401
-4.2391
-4.2381
-4.2371
-4.2361
-4.2351
-4.2341
-4.2331
-4.2321
-4.2311
-4.2301
-4.2291
-4.2281
-4.2271
-4.2261
-4.2251
-4.2241
-4.2231
-4.2221
-4.2211
-4.2201
-4.2191
-4.2181
-4.2171
-4.2161
-4.2151
-4.2141
-4.2131
-4.2121
-4.2111
-4.2101
-4.2091
-4.2081
-4.2071
-4.2061
-4.2051
-4.2041
-4.2031
-4.2021
-4.2011
-4.2001
-4.1991
-4.1981
-4.1971
-4.1961
-4.1951
-4.1941
-4.1931
-4.1921
-4.1911
-4.1901
-4.1891
-4.1881
-4.1871
-4.1861
-4.1851
-4.1841
-4.1831
-4.1821
-4.1811
-4.1801
-4.1791
-4.1781
-4.1771
-4.1761
-4.1751
-4.1741
-4.1731
-4.1721
-4.1711
-4.1701
-4.1691
-4.1681
-4.1671
-4.1661
-4.1651
-4.1641
-4.1631
-4.1621
-4.1611
-4.1601
-4.1591
-4.1581
-4.1571
-4.1561
-4.1551
-4.1541
-4.1531
-4.1521
-4.1511
-4.1501
-4.1491
-4.1481
-4.1471
-4.1461
-4.1451
-4.1441
-4.1431
-4.1421
-4.1411
-4.1401
-4.1391
-4.1381
-4.1371
-4.1361
-4.1351
-4.1341
-4.1331
-4.1321
-4.1311
-4.1301
-4.1291
-4.1281
-4.1271
-4.1261
-4.1251
-4.1241
-4.1231
-4.1221
-4.1211
-4.1201
-4.1191
-4.1181
-4.1171
-4.1161
-4.1151
-4.1141
-4.1131
-4.1121
-4.1111
-4.1101
-4.1091
-4.1081
-4.1071
-4.1061
-4.1051
-4.1041
-4.1031
-4.1021
-4.1011
-4.1001
-4.0001
-3.9991
-3.9981
-3.9971
-3.9961
-3.9951
-3.9941
-3.9931
-3.9921
-3.9911
-3.9901
-3.9891
-3.9881
-3.9871
-3.9861
-3.9851
-3.9841
-3.9831
-3.9821
-3.9811
-3.9801
-3.9791
-3.9781
-3.9771
-3.9761
-3.9751
-3.9741
-3.9731
-3.9721
-3.9711
-3.9701
-3.9691
-3.9681
-3.9671
-3.9661
-3.9651
-3.9641
-3.9631
-3.9621
-3.9611
-3.9601
-3.9591
-3.9581
-3.9571
-3.9561
-3.9551
-3.9541
-3.9531
-3.9521
-3.9511
-3.9501
-3.9491
-3.9481
-3.9471
-3.9461
-3.9451
-3.9441
-3.9431
-3.9421
-3.9411
-3.9401
-3.9391
-3.9381
-3.9371
-3.9361
-3.9351
-3.9341
-3.9331
-3.9321
-3.9311
-3.9301
-3.9291
-3.9281
-3.9271
-3.9261
-3.9251
-3.9241
-3.9231
-3.9221
-3.9211
-3.9201
-3.9191
-3.9181
-3.9171
-3.9161
-3.9151
-3.9141
-3.9131
-3.9121
-3.9111
-3.9101
-3.9091
-3.9081
-3.9071
-3.9061
-3.9051
-3.9041
-3.9031
-3.9021
-3.9011
-3.9001
-3.8991
-3.8981
-3.8971
-3.8961
-3.8951
-3.8941
-3.8931
-3.8921
-3.8911
-3.8901
-3.8891
-3.8881
-3.8871
-3.8861
-3.8851
-3.8841
-3.8831
-3.8821
-3.8811
-3.8801
-3.8791
-3.8781
-3.8771
-3.8761
-3.8751
-3.8741
-3.8731
-3.8721
-3.8711
-3.8701
-3.8691
-3.8681
-3.8671
-3.8661
-3.8651
-3.8641
-3.8631
-3.8621
-3.8611
-3.8601
-3.8591
-3.8581
-3.8571
-3.8561
-3.8551
-3.8541
-3.8531
-3.8521
-3.8511
-3.8501
-3.8491
-3.8481
-3.8471
-3.8461
-3.8451
-3.8441
-3.8431
-3.8421
-3.8411
-3.8401
-3.8391
-3.8381
-3.8371
-3.8361
-3.8351
-3.8341
-3.8331
-3.8321
-3.8311
-3.8301
-3.8291
-3.8281
-3.8271
-3.8261
-3.8251
-3.8241
-3.8231
-3.8221
-3.8211
-3.8201
-3.8191
-3.8181
-3.8171
-3.8161
-3.8151
-3.8141
-3.8131
-3.8121
-3.8111
-3.8101
-3.8091
-3.8081
-3.8071
-3.8061
-3.8051
-3.8041
-3.8031
-3.8021
-3.8011
-3.8001
-3.7991
-3.7981
-3.7971
-3.7961
-3.7951
-3.7941
-3.7931
-3.7921
-3.7911
-3.7901
-3.7891
-3.7881
-3.7871
-3.7861
-3.7851
-3.7841
-3.7831
-3.7821
-3.7811
-3.7801
-3.7791
-3.7781
-3.7771
-3.7761
-3.7751
-3.7741
-3.7731
-3.7721
-3.7711
-3.7701
-3.7691
-3.7681
-3.7671
-3.7661
-3.7651
-3.7641
-3.7631
-3.7621
-3.7611
-3.7601
-3.7591
-3.7581
-3.7571
-3.7561
-3.7551
-3.7541
-3.7531
-3.7521
-3.7511
-3.7501
-3.7491
-3.7481
-3.7471
-3.7461
-3.7451
-3.7441
-3.7431
-3.7421
-3.7411
-3.7401
-3.7391
-3.7381
-3.7371
-3.7361
-3.7351
-3.7341
-3.7331
-3.7321
-3.7311
-3.7301
-3.7291
-3.7281
-3.7271
-3.7261
-3.7251
-3.7241
-3.7231
-3.7221
-3.7211
-3.7201
-3.7191
-3.7181
-3.7171
-3.7161
-3.7151
-3.7141
-3.7131
-3.7121
-3.7111
-3.7101
-3.7091
-3.7081
-3.7071
-3.7061
-3.7051
-3.7041
-3.7031
-3.7021
-3.7011
-3.7001
-3.6991
-3.6981
-3.6971
-3.6961
-3.6951
-3.6941
-3.6931
-3.6921
-3.6911
-3.6901
-3.6891
-3.6881
-3.6871
-3.6861
-3.6851
-3.6841
-3.6831
-3.6821
-3.6811
-3.6801
-3.6791
-3.6781
-3.6771
-3.6761
-3.6751
-3.6741
-3.6731
-3.6721
-3.6711
-3.6701
-3.6691
-3.6681
-3.6671
-3.6661
-3.6651
-3.6641
-3.6631
-3.6621
-3.6611
-3.6601
-3.6591
-3.6581
-3.6571
-3.6561
-3.6551
-3.6541
-3.6531
-3.6521
-3.6511
-3.6501
-3.6491
-3.6481
-3.6471
-3.6461
-3.6451
-3.6441
-3.6431
-3.6421
-3.6411
-3.6401
-3.6391
-3.6381
-3.6371
-3.6361
-3.6351
-3.6341
-3.6331
-3.6321
-3.6311
-3.6301
-3.6291
-3.6281
-3.6271
-3.6261
-3.6251
-3.6241
-3.6231
-3.6221
-3.6211
-3.6201
-3.6191
-3.6181
-3.6171
-3.6161
-3.6151
-3.6141
-3.6131
-3.6121
-3.6111
-3.6101
-3.6091
-3.6081
-3.6071
-3.6061
-3.6051
-3.6041
-3.6031
-3.6021
-3.6011
-3.6001
-3.5991
-3.5981
-3.5971
-3.5961
-3.5951
-3.5941
-3.5931
-3.5921
-3.5911
-3.5901
-3.5891
-3.5881
-3.5871
-3.5861
-3.5851
-3.5841
-3.5831
-3.5821
-3.5811
-3.5801
-3.5791
-3.5781
-3.5771
-3.5761
-3.5751
-3.5741
-3.5731
-3.5721
-3.5711
-3.5701
-3.5691
-3.5681
-3.5671
-3.5661
-3.5651
-3.5641
-3.5631
-3.5621
-3.5611
-3.5601
-3.5591
-3.5581
-3.5571
-3.5561
-3.5551
-3.5541
-3.5531
-3.5521
-3.5511
-3.5501
-3.5491
-3.5481
-3.5471
-3.5461
-3.5451
-3.5441
-3.5431
-3.5421
-3.5411
-3.5401
-3.5391
-3.5381
-3.5371
-3.5361
-3.5351
-3.5341
-3.5331
-3.5321
-3.5311
-3.5301
-3.5291
-3.5281
-3.5271
-3.5261
-3.5251
-3.5241
-3.5231
-3.5221
-3.5211
-3.5201
-3.5191
-3.5181
-3.5171
-3.5161
-3.5151
-3.5141
-3.5131
-3.5121
-3.5111
-3.5101
-3.5091
-3.5081
-3.5071
-3.5061
-3.5051
-3.5041
-3.5031
-3.5021
-3.5011
-3.5001
-3.4991
-3.4981
-3.4971
-3.4961
-3.4951
-3.4941
-3.4931
-3.4921
-3.4911
-3.4901
-3.4891
-3.4881
-3.4871
-3.4861
-3.4851
-3.4841
-3.4831
-3.4821
-3.4811
-3.4801
-3.4791
-3.4781
-3.4771
-3.4761
-3.4751
-3.4741
-3.4731
-3.4721
-3.4711
-3.4701
-3.4691
-3.4681
-3.4671
-3.4661
-3.4651
-3.4641
-3.4631
-3.4621
-3.4611
-3.4601
-3.4591
-3.4581
-3.4571
-3.4561
-3.4551
-3.4541
-3.4531
-3.4521
-3.4511
-3.4501
-3.4491
-3.4481
-3.4471
-3.4461
-3.4451
-3.4441
-3.4431
-3.4421
-3.4411
-3.4401
-3.4391
-3.4381
-3.4371
-3.4361
-3.4351
-3.4341
-3.4331
-3.4321
-3.4311
-3.4301
-3.4291
-3.4281
-3.4271
-3.4261
-3.4251
-3.4241
-3.4231
-3.4221
-3.4211
-3.4201
-3.4191
-3.4181
-3.4171
-3.4161
-3.4151
-3.4141
-3.4131
-3.4121
-3.4111
-3.4101
-3.4091
-3.4081
-3.4071
-3.4061
-3.4051
-3.4041
-3.4031
-3.4021
-3.4011
-3.4001
-3.3991
-3.3981
-3.3971
-3.3961
-3.3951
-3.3941
-3.3931
-3.3921
-3.3911
-3.3901
-3.3891
-3.3881
-3.3871
-3.3861
-3.3851
-3.3841
-3.3831
-3.3821
-3.3811
-3.3801
-3.3791
-3.3781
-3.3771
-3.3761
-3.3751
-3.3741
-3.3731
-3.3721
-3.3711
-3.3701
-3.3691
-3.3681
-3.3671
-3.3661
-3.3651
-3.3641
-3.3631
-3.3621
-3.3611
-3.3601
-3.3591
-3.3581
-3.3571
-3.3561
-3.3551
-3.3541
-3.3531
-3.3521
-3.3511
-3.3501
-3.3491
-3.3481
-3.3471
-3.3461
-3.3451
-3.3441
-3.3431
-3.3421
-3.3411
-3.3401
-3.3391
-3.3381
-3.3371
-3.3361
-3.3351
-3.3341
-3.3331
-3.3321
-3.3311
-3.3301
-3.3291
-3.3281
-3.3271
-3.3261
-3.3251
-3.3241
-3.3231
-3.3221
-3.3211
-3.3201
-3.3191
-3.3181
-3.3171
-3.3161
-3.3151
-3.3141
-3.3131
-3.3121
-3.3111
-3.3101
-3.3091
-3.3081
-3.3071
-3.3061
-3.3051
-3.3041
-3.3031
-3.3021
-3.3011
-3.3001
-3.2991
-3.2981
-3.2971
-3.2961
-3.2951
-3.2941
-3.2931
-3.2921
-3.2911
-3.2901
-3.2891
-3.2881
-3.2871
-3.2861
-3.2851
-3.2841
-3.2831
-3.2821
-3.2811
-3.2801
-3.2791
-3.2781
-3.2771
-3.2761
-3.2751
-3.2741
-3.2731
-3.2721
-3.2711
-3.2701
-3.2691
-3.2681
-3.2671
-3.2661
-3.2651
-3.2641
-3.2631
-3.2621
-3.2611
-3.2601
-3.2591
-3.2581
-3.2571
-3.2561
-3.2551
-3.2541
-3.2531
-3.2521
-3.2511
-3.2501
-3.2491
-3.2481
-3.2471
-3.2461
-3.2451
-3.2441
-3.2431
-3.2421
-3.2411
-3.2401
-3.2391
-3.2381
-3.2371
-3.2361
-3.2351
-3.2341
-3.2331
-3.2321
-3.2311
-3.2301
-3.2291
-3.2281
-3.2271
-3.2261
-3.2251
-3.2241
-3.2231
-3.2221
-3.2211
-3.2201
-3.2191
-3.2181
-3.2171
-3.2161
-3.2151
-3.2141
-3.2131
-3.2121
-3.2111
-3.2101
-3.2091
-3.2081
-3.2071
-3.2061
-3.2051
-3.2041
-3.2031
-3.2021
-3.2011
-3.2001
-3.1991
-3.1981
-3.1971
-3.1961
-3.1951
-3.1941
-3.1931
-3.1921
-3.1911
-3.1901
-3.1891
-3.1881
-3.1871
-3.1861
-3.1851
-3.1841
-3.1831
-3.1821
-3.1811
-3.1801
-3.1791
-3.1781
-3.1771
-3.1761
-3.1751
-3.1741
-3.1731
-3.1721
-3.1711
-3.1701
-3.1691
-3.1681
-3.1671
-3.1661
-3.1651
-3.1641
-3.1631
-3.1621
-3.1611
-3.1601
-3.1591
-3.1581
-3.1571
-3.1561
-3.1551
-3.1541
-3.1531
-3.1521
-3.1511
-3.1501
-3.1491
-3.1481
-3.1471
-3.1461
-3.1451
-3.1441
-3.1431
-3.1421
-3.1411
-3.1401
-3.1391
-3.1381
-3.1371
-3.1361
-3.1351
-3.1341
-3.1331
-3.1321
-3.1311
-3.1301
-3.1291
-3.1281
-3.1271
-3.1261
-3.1251
-3.1241
-3.1231
-3.1221
-3.1211
-3.1201
-3.1191
-3.1181
-3.1171
-3.1161
-3.1151
-3.1141
-3.1131
-3.1121
-3.1111
-3.1101
-3.1091
-3.1081
-3.1071
-3.1061
-3.1051
-3.1041
-3.1031
-3.1021
-3.1011
-3.1001
-3.0991
-3.0981
-3.0971
-3.0961
-3.0951
-3.0941
-3.0931
-3.0921
-3.0911
-3.0901
-3.0891
-3.0881
-3.0871
-3.0861
-3.0851
-3.0841
-3.0831
-3.0821
-3.0811
-3.0801
-3.0791
-3.0781
-3.0771
-3.0761
-3.0751
-3.0741
-3.0731
-3.0721
-3.0711
-3.0701
-3.0691
-3.0681
-3.0671
-3.0661
-3.0651
-3.0641
-3.0631
-3.0621
-3.0611
-3.0601
-3.0591
-3.0581
-3.0571
-3.0561
-3.0551
-3.0541
-3.0531
-3.0521
-3.0511
-3.0501
-3.0491
-3.0481
-3.0471
-3.0461
-3.0451
-3.0441
-3.0431
-3.0421
-3.0411
-3.0401
-3.0391
-3.0381
-3.0371
-3.0361
-3.0351
-3.0341
-3.0331
-3.0321
-3.0311
-3.0301
-3.0291
-3.0281
-3.0271
-3.0261
-3.0251
-3.0241
-3.0231
-3.0221
-3.0211
-3.0201
-3.0191
-3.0181
-3.0171
-3.0161
-3.0151
-3.0141
-3.0131
-3.0121
-3.0111
-3.0101
-3.001
-2.991
-2.981
-2.971
-2.961
-2.951
-2.941
-2.931
-2.921
-2.911
-2.901
-2.891
-2.881
-2.871
-2.861
-2.851
-2.841
-2.831
-2.821
-2.811
-2.801
-2.791
-2.781
-2.771
-2.761
-2.751
-2.741
-2.731
-2.721
-2.711
-2.701
-2.691
-2.681
-2.671
-2.661
-2.651
-2.641
-2.631
-2.621
-2.611
-2.601
-2.591
-2.581
-2.571
-2.561
-2.551
-2.541
-2.531
-2.521
-2.511
-2.501
-2.491
-2.481
-2.471
-2.461
-2.451
-2.441
-2.431
-2.421
-2.411
-2.401
-2.391
-2.381
-2.371
-2.361
-2.351
-2.341
-2.331
-2.321
-2.311
-2.301
-2.291
-2.281
-2.271
-2.261
-2.251
-2.241
-2.231
-2.221
-2.211
-2.201
-2.001
-1.991
-1.981
-1.971
-1.961
-1.951
-1.941
-1.931
-1.921
-1.911
-1.901
-1.891
-1.881
-1.871
-1.861
-1.851
-1.841
-1.831
-1.821
-1.811
-1.801
-1.791
-1.781
-1.771
-1.761
-1.751
-1.741
-1.731
-1.721
-1.711
-1.701
-1.691
-1.681
-1.671
-1.661
-1.651
-1.641
-1.631
-1.621
-1.611
-1.601
-1.591
-1.581
-1.571
-1.561
-1.551
-1.541
-1.531
-1.521
-1.511
-1.501
-1.491
-1.481
-1.471
-1.461
-1.451
-1.441
-1.431
-1.421
-1.411
-1.401
-1.391
-1.381
-1.371
-1.361
-1.351
-1.341
-1.331
-1.321
-1.311
-1.301
-1.291
-1.281
-1.271
-1.261
-1.251
-1.241
-1.231
-1.221
-1.211
-1.201
-1.191
-1.181
-1.171
-1.161
-1.151
-1.141
-1.131
-1.121
-1.111
-1.101
-1.001
-0.901
-0.801
-0.701
-0.601
-0.501
-0.401
-0.301
-0.201
-0.101
0.001
0.101
0.201
0.301
0.401
0.501
0.601
0.701
0.801
0.901
1.001
1.101
1.201
1.301
1.401
1.501
1.601
1.701
1.801
1.901
2.001
2.101
2.201
2.301
2.401
2.501
2.601
2.701
2.801
2.901
3.001
3.101
3.201
3.301
3.401
3.501
3.601
3.701
3.801
3.901
4.001
4.101
4.201
4.301
4.401
4.501
4.601
4.701
4.801
4.901
