x	math	gsl	my
-5.0001	83.3191	83.3191	83.3191
-4.9991	-9.2735	-9.2735	-9.2735
-4.9981	-4.40023	-4.40023	-4.40023
-4.9971	-2.88785	-2.88785	-2.88785
-4.9961	-2.15107	-2.15107	-2.15107
-4.9951	-1.71502	-1.71502	-1.71502
-4.9941	-1.4268	-1.4268	-1.4268
-4.9931	-1.22212	-1.22212	-1.22212
-4.9921	-1.06927	-1.06927	-1.06927
-4.9911	-0.950773	-0.950773	-0.950773
-4.9901	-0.85622	-0.85622	-0.85622
-4.9891	-0.779021	-0.779021	-0.779021
-4.9881	-0.7148	-0.7148	-0.7148
-4.9871	-0.660541	-0.660541	-0.660541
-4.9861	-0.614092	-0.614092	-0.614092
-4.9851	-0.573882	-0.573882	-0.573882
-4.9841	-0.538733	-0.538733	-0.538733
-4.9831	-0.507747	-0.507747	-0.507747
-4.9821	-0.480225	-0.480225	-0.480225
-4.9811	-0.455619	-0.455619	-0.455619
-4.9801	-0.433489	-0.433489	-0.433489
-4.9791	-0.413479	-0.413479	-0.413479
-4.9781	-0.395299	-0.395299	-0.395299
-4.9771	-0.378709	-0.378709	-0.378709
-4.9761	-0.363509	-0.363509	-0.363509
-4.9751	-0.349533	-0.349533	-0.349533
-4.9741	-0.336638	-0.336638	-0.336638
-4.9731	-0.324703	-0.324703	-0.324703
-4.9721	-0.313627	-0.313627	-0.313627
-4.9711	-0.303318	-0.303318	-0.303318
-4.9701	-0.293701	-0.293701	-0.293701
-4.9691	-0.284709	-0.284709	-0.284709
-4.9681	-0.276281	-0.276281	-0.276281
-4.9671	-0.268368	-0.268368	-0.268368
-4.9661	-0.260924	-0.260924	-0.260924
-4.9651	-0.253907	-0.253907	-0.253907
-4.9641	-0.247283	-0.247283	-0.247283
-4.9631	-0.24102	-0.24102	-0.24102
-4.9621	-0.235089	-0.235089	-0.235089
-4.9611	-0.229464	-0.229464	-0.229464
-4.9601	-0.224122	-0.224122	-0.224122
-4.9591	-0.219043	-0.219043	-0.219043
-4.9581	-0.214208	-0.214208	-0.214208
-4.9571	-0.2096	-0.2096	-0.2096
-4.9561	-0.205203	-0.205203	-0.205203
-4.9551	-0.201003	-0.201003	-0.201003
-4.9541	-0.196988	-0.196988	-0.196988
-4.9531	-0.193145	-0.193145	-0.193145
-4.9521	-0.189463	-0.189463	-0.189463
-4.9511	-0.185934	-0.185934	-0.185934
-4.9501	-0.182547	-0.182547	-0.182547
-4.9491	-0.179294	-0.179294	-0.179294
-4.9481	-0.176168	-0.176168	-0.176168
-4.9471	-0.173161	-0.173161	-0.173161
-4.9461	-0.170267	-0.170267	-0.170267
-4.9451	-0.167479	-0.167479	-0.167479
-4.9441	-0.164793	-0.164793	-0.164793
-4.9431	-0.162201	-0.162201	-0.162201
-4.9421	-0.159701	-0.159701	-0.159701
-4.9411	-0.157286	-0.157286	-0.157286
-4.9401	-0.154953	-0.154953	-0.154953
-4.9391	-0.152698	-0.152698	-0.152698
-4.9381	-0.150516	-0.150516	-0.150516
-4.9371	-0.148405	-0.148405	-0.148405
-4.9361	-0.146361	-0.146361	-0.146361
-4.9351	-0.144381	-0.144381	-0.144381
-4.9341	-0.142462	-0.142462	-0.142462
-4.9331	-0.140601	-0.140601	-0.140601
-4.9321	-0.138796	-0.138796	-0.138796
-4.9311	-0.137044	-0.137044	-0.137044
-4.9301	-0.135344	-0.135344	-0.135344
-4.9291	-0.133692	-0.133692	-0.133692
-4.9281	-0.132087	-0.132087	-0.132087
-4.9271	-0.130527	-0.130527	-0.130527
-4.9261	-0.12901	-0.12901	-0.12901
-4.9251	-0.127535	-0.127535	-0.127535
-4.9241	-0.126099	-0.126099	-0.126099
-4.9231	-0.124701	-0.124701	-0.124701
-4.9221	-0.12334	-0.12334	-0.12334
-4.9211	-0.122015	-0.122015	-0.122015
-4.9201	-0.120724	-0.120724	-0.120724
-4.9191	-0.119465	-0.119465	-0.119465
-4.9181	-0.118238	-0.118238	-0.118238
-4.9171	-0.117041	-0.117041	-0.117041
-4.9161	-0.115874	-0.115874	-0.115874
-4.9151	-0.114735	-0.114735	-0.114735
-4.9141	-0.113623	-0.113623	-0.113623
-4.9131	-0.112538	-0.112538	-0.112538
-4.9121	-0.111478	-0.111478	-0.111478
-4.9111	-0.110442	-0.110442	-0.110442
-4.9101	-0.109431	-0.109431	-0.109431
-4.9091	-0.108443	-0.108443	-0.108443
-4.9081	-0.107476	-0.107476	-0.107476
-4.9071	-0.106532	-0.106532	-0.106532
-4.9061	-0.105608	-0.105608	-0.105608
-4.9051	-0.104705	-0.104705	-0.104705
-4.9041	-0.103821	-0.103821	-0.103821
-4.9031	-0.102956	-0.102956	-0.102956
-4.9021	-0.102109	-0.102109	-0.102109
-4.9011	-0.101281	-0.101281	-0.101281
-4.9001	-0.100469	-0.100469	-0.100469
-4.8991	-0.0996746	-0.0996746	-0.0996746
-4.8981	-0.0988963	-0.0988963	-0.0988963
-4.8971	-0.0981339	-0.0981339	-0.0981339
-4.8961	-0.0973869	-0.0973869	-0.0973869
-4.8951	-0.0966548	-0.0966548	-0.0966548
-4.8941	-0.0959372	-0.0959372	-0.0959372
-4.8931	-0.0952338	-0.0952338	-0.0952338
-4.8921	-0.0945441	-0.0945441	-0.0945441
-4.8911	-0.0938678	-0.0938678	-0.0938678
-4.8901	-0.0932044	-0.0932044	-0.0932044
-4.8891	-0.0925537	-0.0925537	-0.0925537
-4.8881	-0.0919153	-0.0919153	-0.0919153
-4.8871	-0.0912889	-0.0912889	-0.0912889
-4.8861	-0.0906742	-0.0906742	-0.0906742
-4.8851	-0.0900708	-0.0900708	-0.0900708
-4.8841	-0.0894785	-0.0894785	-0.0894785
-4.8831	-0.088897	-0.088897	-0.088897
-4.8821	-0.088326	-0.088326	-0.088326
-4.8811	-0.0877653	-0.0877653	-0.0877653
-4.8801	-0.0872146	-0.0872146	-0.0872146
-4.8791	-0.0866737	-0.0866737	-0.0866737
-4.8781	-0.0861423	-0.0861423	-0.0861423
-4.8771	-0.0856201	-0.0856201	-0.0856201
-4.8761	-0.0851071	-0.0851071	-0.0851071
-4.8751	-0.0846029	-0.0846029	-0.0846029
-4.8741	-0.0841073	-0.0841073	-0.0841073
-4.8731	-0.0836202	-0.0836202	-0.0836202
-4.8721	-0.0831414	-0.0831414	-0.0831414
-4.8711	-0.0826706	-0.0826706	-0.0826706
-4.8701	-0.0822077	-0.0822077	-0.0822077
-4.8691	-0.0817525	-0.0817525	-0.0817525
-4.8681	-0.0813048	-0.0813048	-0.0813048
-4.8671	-0.0808645	-0.0808645	-0.0808645
-4.8661	-0.0804314	-0.0804314	-0.0804314
-4.8651	-0.0800053	-0.0800053	-0.0800053
-4.8641	-0.0795861	-0.0795861	-0.0795861
-4.8631	-0.0791736	-0.0791736	-0.0791736
-4.8621	-0.0787678	-0.0787678	-0.0787678
-4.8611	-0.0783684	-0.0783684	-0.0783684
-4.8601	-0.0779753	-0.0779753	-0.0779753
-4.8591	-0.0775884	-0.0775884	-0.0775884
-4.8581	-0.0772075	-0.0772075	-0.0772075
-4.8571	-0.0768326	-0.0768326	-0.0768326
-4.8561	-0.0764635	-0.0764635	-0.0764635
-4.8551	-0.0761001	-0.0761001	-0.0761001
-4.8541	-0.0757423	-0.0757423	-0.0757423
-4.8531	-0.0753899	-0.0753899	-0.0753899
-4.8521	-0.075043	-0.075043	-0.075043
-4.8511	-0.0747012	-0.0747012	-0.0747012
-4.8501	-0.0743646	-0.0743646	-0.0743646
-4.8491	-0.0740331	-0.0740331	-0.0740331
-4.8481	-0.0737065	-0.0737065	-0.0737065
-4.8471	-0.0733848	-0.0733848	-0.0733848
-4.8461	-0.0730679	-0.0730679	-0.0730679
-4.8451	-0.0727556	-0.0727556	-0.0727556
-4.8441	-0.0724479	-0.0724479	-0.0724479
-4.8431	-0.0721447	-0.0721447	-0.0721447
-4.8421	-0.071846	-0.071846	-0.071846
-4.8411	-0.0715516	-0.0715516	-0.0715516
-4.8401	-0.0712614	-0.0712614	-0.0712614
-4.8391	-0.0709754	-0.0709754	-0.0709754
-4.8381	-0.0706936	-0.0706936	-0.0706936
-4.8371	-0.0704158	-0.0704158	-0.0704158
-4.8361	-0.0701419	-0.0701419	-0.0701419
-4.8351	-0.069872	-0.069872	-0.069872
-4.8341	-0.0696058	-0.0696058	-0.0696058
-4.8331	-0.0693435	-0.0693435	-0.0693435
-4.8321	-0.0690848	-0.0690848	-0.0690848
-4.8311	-0.0688297	-0.0688297	-0.0688297
-4.8301	-0.0685783	-0.0685783	-0.0685783
-4.8291	-0.0683303	-0.0683303	-0.0683303
-4.8281	-0.0680858	-0.0680858	-0.0680858
-4.8271	-0.0678447	-0.0678447	-0.0678447
-4.8261	-0.0676069	-0.0676069	-0.0676069
-4.8251	-0.0673725	-0.0673725	-0.0673725
-4.8241	-0.0671412	-0.0671412	-0.0671412
-4.8231	-0.0669131	-0.0669131	-0.0669131
-4.8221	-0.0666882	-0.0666882	-0.0666882
-4.8211	-0.0664663	-0.0664663	-0.0664663
-4.8201	-0.0662475	-0.0662475	-0.0662475
-4.8191	-0.0660316	-0.0660316	-0.0660316
-4.8181	-0.0658187	-0.0658187	-0.0658187
-4.8171	-0.0656086	-0.0656086	-0.0656086
-4.8161	-0.0654014	-0.0654014	-0.0654014
-4.8151	-0.065197	-0.065197	-0.065197
-4.8141	-0.0649954	-0.0649954	-0.0649954
-4.8131	-0.0647964	-0.0647964	-0.0647964
-4.8121	-0.0646002	-0.0646002	-0.0646002
-4.8111	-0.0644066	-0.0644066	-0.0644066
-4.8101	-0.0642155	-0.0642155	-0.0642155
-4.8091	-0.0640271	-0.0640271	-0.0640271
-4.8081	-0.0638411	-0.0638411	-0.0638411
-4.8071	-0.0636576	-0.0636576	-0.0636576
-4.8061	-0.0634766	-0.0634766	-0.0634766
-4.8051	-0.063298	-0.063298	-0.063298
-4.8041	-0.0631218	-0.0631218	-0.0631218
-4.8031	-0.0629479	-0.0629479	-0.0629479
-4.8021	-0.0627763	-0.0627763	-0.0627763
-4.8011	-0.062607	-0.062607	-0.062607
-4.8001	-0.0624399	-0.0624399	-0.0624399
-4.7991	-0.0622751	-0.0622751	-0.0622751
-4.7981	-0.0621124	-0.0621124	-0.0621124
-4.7971	-0.0619519	-0.0619519	-0.0619519
-4.7961	-0.0617936	-0.0617936	-0.0617936
-4.7951	-0.0616373	-0.0616373	-0.0616373
-4.7941	-0.0614831	-0.0614831	-0.0614831
-4.7931	-0.0613309	-0.0613309	-0.0613309
-4.7921	-0.0611807	-0.0611807	-0.0611807
-4.7911	-0.0610325	-0.0610325	-0.0610325
-4.7901	-0.0608863	-0.0608863	-0.0608863
-4.7891	-0.0607421	-0.0607421	-0.0607421
-4.7881	-0.0605997	-0.0605997	-0.0605997
-4.7871	-0.0604592	-0.0604592	-0.0604592
-4.7861	-0.0603206	-0.0603206	-0.0603206
-4.7851	-0.0601838	-0.0601838	-0.0601838
-4.7841	-0.0600489	-0.0600489	-0.0600489
-4.7831	-0.0599157	-0.0599157	-0.0599157
-4.7821	-0.0597843	-0.0597843	-0.0597843
-4.7811	-0.0596547	-0.0596547	-0.0596547
-4.7801	-0.0595267	-0.0595267	-0.0595267
-4.7791	-0.0594005	-0.0594005	-0.0594005
-4.7781	-0.059276	-0.059276	-0.059276
-4.7771	-0.0591531	-0.0591531	-0.0591531
-4.7761	-0.0590319	-0.0590319	-0.0590319
-4.7751	-0.0589123	-0.0589123	-0.0589123
-4.7741	-0.0587944	-0.0587944	-0.0587944
-4.7731	-0.058678	-0.058678	-0.058678
-4.7721	-0.0585632	-0.0585632	-0.0585632
-4.7711	-0.0584499	-0.0584499	-0.0584499
-4.7701	-0.0583382	-0.0583382	-0.0583382
-4.7691	-0.0582279	-0.0582279	-0.0582279
-4.7681	-0.0581192	-0.0581192	-0.0581192
-4.7671	-0.058012	-0.058012	-0.058012
-4.7661	-0.0579062	-0.0579062	-0.0579062
-4.7651	-0.0578019	-0.0578019	-0.0578019
-4.7641	-0.0576991	-0.0576991	-0.0576991
-4.7631	-0.0575976	-0.0575976	-0.0575976
-4.7621	-0.0574976	-0.0574976	-0.0574976
-4.7611	-0.0573989	-0.0573989	-0.0573989
-4.7601	-0.0573016	-0.0573016	-0.0573016
-4.7591	-0.0572057	-0.0572057	-0.0572057
-4.7581	-0.0571111	-0.0571111	-0.0571111
-4.7571	-0.0570178	-0.0570178	-0.0570178
-4.7561	-0.0569259	-0.0569259	-0.0569259
-4.7551	-0.0568353	-0.0568353	-0.0568353
-4.7541	-0.0567459	-0.0567459	-0.0567459
-4.7531	-0.0566579	-0.0566579	-0.0566579
-4.7521	-0.0565711	-0.0565711	-0.0565711
-4.7511	-0.0564855	-0.0564855	-0.0564855
-4.7501	-0.0564012	-0.0564012	-0.0564012
-4.7491	-0.0563182	-0.0563182	-0.0563182
-4.7481	-0.0562363	-0.0562363	-0.0562363
-4.7471	-0.0561556	-0.0561556	-0.0561556
-4.7461	-0.0560762	-0.0560762	-0.0560762
-4.7451	-0.0559979	-0.0559979	-0.0559979
-4.7441	-0.0559208	-0.0559208	-0.0559208
-4.7431	-0.0558448	-0.0558448	-0.0558448
-4.7421	-0.05577	-0.05577	-0.05577
-4.7411	-0.0556963	-0.0556963	-0.0556963
-4.7401	-0.0556238	-0.0556238	-0.0556238
-4.7391	-0.0555524	-0.0555524	-0.0555524
-4.7381	-0.055482	-0.055482	-0.055482
-4.7371	-0.0554128	-0.0554128	-0.0554128
-4.7361	-0.0553447	-0.0553447	-0.0553447
-4.7351	-0.0552776	-0.0552776	-0.0552776
-4.7341	-0.0552116	-0.0552116	-0.0552116
-4.7331	-0.0551467	-0.0551467	-0.0551467
-4.7321	-0.0550828	-0.0550828	-0.0550828
-4.7311	-0.0550199	-0.0550199	-0.0550199
-4.7301	-0.0549581	-0.0549581	-0.0549581
-4.7291	-0.0548973	-0.0548973	-0.0548973
-4.7281	-0.0548375	-0.0548375	-0.0548375
-4.7271	-0.0547788	-0.0547788	-0.0547788
-4.7261	-0.054721	-0.054721	-0.054721
-4.7251	-0.0546642	-0.0546642	-0.0546642
-4.7241	-0.0546084	-0.0546084	-0.0546084
-4.7231	-0.0545535	-0.0545535	-0.0545535
-4.7221	-0.0544997	-0.0544997	-0.0544997
-4.7211	-0.0544468	-0.0544468	-0.0544468
-4.7201	-0.0543948	-0.0543948	-0.0543948
-4.7191	-0.0543438	-0.0543438	-0.0543438
-4.7181	-0.0542937	-0.0542937	-0.0542937
-4.7171	-0.0542445	-0.0542445	-0.0542445
-4.7161	-0.0541963	-0.0541963	-0.0541963
-4.7151	-0.054149	-0.054149	-0.054149
-4.7141	-0.0541026	-0.0541026	-0.0541026
-4.7131	-0.0540571	-0.0540571	-0.0540571
-4.7121	-0.0540125	-0.0540125	-0.0540125
-4.7111	-0.0539687	-0.0539687	-0.0539687
-4.7101	-0.0539259	-0.0539259	-0.0539259
-4.7091	-0.0538839	-0.0538839	-0.0538839
-4.7081	-0.0538428	-0.0538428	-0.0538428
-4.7071	-0.0538026	-0.0538026	-0.0538026
-4.7061	-0.0537632	-0.0537632	-0.0537632
-4.7051	-0.0537247	-0.0537247	-0.0537247
-4.7041	-0.053687	-0.053687	-0.053687
-4.7031	-0.0536502	-0.0536502	-0.0536502
-4.7021	-0.0536142	-0.0536142	-0.0536142
-4.7011	-0.053579	-0.053579	-0.053579
-4.7001	-0.0535447	-0.0535447	-0.0535447
-4.6991	-0.0535111	-0.0535111	-0.0535111
-4.6981	-0.0534784	-0.0534784	-0.0534784
-4.6971	-0.0534465	-0.0534465	-0.0534465
-4.6961	-0.0534154	-0.0534154	-0.0534154
-4.6951	-0.0533851	-0.0533851	-0.0533851
-4.6941	-0.0533556	-0.0533556	-0.0533556
-4.6931	-0.0533269	-0.0533269	-0.0533269
-4.6921	-0.053299	-0.053299	-0.053299
-4.6911	-0.0532718	-0.0532718	-0.0532718
-4.6901	-0.0532454	-0.0532454	-0.0532454
-4.6891	-0.0532198	-0.0532198	-0.0532198
-4.6881	-0.053195	-0.053195	-0.053195
-4.6871	-0.0531709	-0.0531709	-0.0531709
-4.6861	-0.0531476	-0.0531476	-0.0531476
-4.6851	-0.053125	-0.053125	-0.053125
-4.6841	-0.0531032	-0.0531032	-0.0531032
-4.6831	-0.0530821	-0.0530821	-0.0530821
-4.6821	-0.0530618	-0.0530618	-0.0530618
-4.6811	-0.0530422	-0.0530422	-0.0530422
-4.6801	-0.0530233	-0.0530233	-0.0530233
-4.6791	-0.0530052	-0.0530052	-0.0530052
-4.6781	-0.0529878	-0.0529878	-0.0529878
-4.6771	-0.0529711	-0.0529711	-0.0529711
-4.6761	-0.0529552	-0.0529552	-0.0529552
-4.6751	-0.0529399	-0.0529399	-0.0529399
-4.6741	-0.0529254	-0.0529254	-0.0529254
-4.6731	-0.0529116	-0.0529116	-0.0529116
-4.6721	-0.0528985	-0.0528985	-0.0528985
-4.6711	-0.0528861	-0.0528861	-0.0528861
-4.6701	-0.0528744	-0.0528744	-0.0528744
-4.6691	-0.0528634	-0.0528634	-0.0528634
-4.6681	-0.052853	-0.052853	-0.052853
-4.6671	-0.0528434	-0.0528434	-0.0528434
-4.6661	-0.0528345	-0.0528345	-0.0528345
-4.6651	-0.0528262	-0.0528262	-0.0528262
-4.6641	-0.0528186	-0.0528186	-0.0528186
-4.6631	-0.0528118	-0.0528118	-0.0528118
-4.6621	-0.0528055	-0.0528055	-0.0528055
-4.6611	-0.0528	-0.0528	-0.0528
-4.6601	-0.0527951	-0.0527951	-0.0527951
-4.6591	-0.0527909	-0.0527909	-0.0527909
-4.6581	-0.0527874	-0.0527874	-0.0527874
-4.6571	-0.0527845	-0.0527845	-0.0527845
-4.6561	-0.0527823	-0.0527823	-0.0527823
-4.6551	-0.0527808	-0.0527808	-0.0527808
-4.6541	-0.0527799	-0.0527799	-0.0527799
-4.6531	-0.0527796	-0.0527796	-0.0527796
-4.6521	-0.0527801	-0.0527801	-0.0527801
-4.6511	-0.0527811	-0.0527811	-0.0527811
-4.6501	-0.0527828	-0.0527828	-0.0527828
-4.6491	-0.0527852	-0.0527852	-0.0527852
-4.6481	-0.0527882	-0.0527882	-0.0527882
-4.6471	-0.0527919	-0.0527919	-0.0527919
-4.6461	-0.0527961	-0.0527961	-0.0527961
-4.6451	-0.0528011	-0.0528011	-0.0528011
-4.6441	-0.0528066	-0.0528066	-0.0528066
-4.6431	-0.0528128	-0.0528128	-0.0528128
-4.6421	-0.0528197	-0.0528197	-0.0528197
-4.6411	-0.0528271	-0.0528271	-0.0528271
-4.6401	-0.0528352	-0.0528352	-0.0528352
-4.6391	-0.0528439	-0.0528439	-0.0528439
-4.6381	-0.0528533	-0.0528533	-0.0528533
-4.6371	-0.0528633	-0.0528633	-0.0528633
-4.6361	-0.0528739	-0.0528739	-0.0528739
-4.6351	-0.0528851	-0.0528851	-0.0528851
-4.6341	-0.0528969	-0.0528969	-0.0528969
-4.6331	-0.0529094	-0.0529094	-0.0529094
-4.6321	-0.0529224	-0.0529224	-0.0529224
-4.6311	-0.0529361	-0.0529361	-0.0529361
-4.6301	-0.0529504	-0.0529504	-0.0529504
-4.6291	-0.0529654	-0.0529654	-0.0529654
-4.6281	-0.0529809	-0.0529809	-0.0529809
-4.6271	-0.0529971	-0.0529971	-0.0529971
-4.6261	-0.0530138	-0.0530138	-0.0530138
-4.6251	-0.0530312	-0.0530312	-0.0530312
-4.6241	-0.0530492	-0.0530492	-0.0530492
-4.6231	-0.0530677	-0.0530677	-0.0530678
-4.6221	-0.0530869	-0.0530869	-0.0530869
-4.6211	-0.0531067	-0.0531067	-0.0531067
-4.6201	-0.0531271	-0.0531271	-0.0531271
-4.6191	-0.0531482	-0.0531482	-0.0531482
-4.6181	-0.0531698	-0.0531698	-0.0531698
-4.6171	-0.053192	-0.053192	-0.053192
-4.6161	-0.0532148	-0.0532148	-0.0532148
-4.6151	-0.0532382	-0.0532382	-0.0532382
-4.6141	-0.0532622	-0.0532622	-0.0532622
-4.6131	-0.0532869	-0.0532869	-0.0532869
-4.6121	-0.0533121	-0.0533121	-0.0533121
-4.6111	-0.0533379	-0.0533379	-0.0533379
-4.6101	-0.0533643	-0.0533643	-0.0533643
-4.6091	-0.0533913	-0.0533913	-0.0533913
-4.6081	-0.0534189	-0.0534189	-0.0534189
-4.6071	-0.0534472	-0.0534472	-0.0534472
-4.6061	-0.053476	-0.053476	-0.053476
-4.6051	-0.0535054	-0.0535054	-0.0535054
-4.6041	-0.0535354	-0.0535354	-0.0535354
-4.6031	-0.053566	-0.053566	-0.053566
-4.6021	-0.0535972	-0.0535972	-0.0535972
-4.6011	-0.0536289	-0.0536289	-0.0536289
-4.6001	-0.0536613	-0.0536613	-0.0536613
-4.5991	-0.0536943	-0.0536943	-0.0536943
-4.5981	-0.0537279	-0.0537279	-0.0537279
-4.5971	-0.053762	-0.053762	-0.053762
-4.5961	-0.0537968	-0.0537968	-0.0537968
-4.5951	-0.0538322	-0.0538322	-0.0538322
-4.5941	-0.0538681	-0.0538681	-0.0538681
-4.5931	-0.0539047	-0.0539047	-0.0539047
-4.5921	-0.0539418	-0.0539418	-0.0539418
-4.5911	-0.0539795	-0.0539795	-0.0539795
-4.5901	-0.0540179	-0.0540179	-0.0540179
-4.5891	-0.0540568	-0.0540568	-0.0540568
-4.5881	-0.0540963	-0.0540963	-0.0540963
-4.5871	-0.0541364	-0.0541364	-0.0541364
-4.5861	-0.0541771	-0.0541771	-0.0541771
-4.5851	-0.0542185	-0.0542185	-0.0542185
-4.5841	-0.0542604	-0.0542604	-0.0542604
-4.5831	-0.0543029	-0.0543029	-0.0543029
-4.5821	-0.054346	-0.054346	-0.054346
-4.5811	-0.0543897	-0.0543897	-0.0543897
-4.5801	-0.054434	-0.054434	-0.054434
-4.5791	-0.0544789	-0.0544789	-0.0544789
-4.5781	-0.0545243	-0.0545243	-0.0545243
-4.5771	-0.0545704	-0.0545704	-0.0545704
-4.5761	-0.0546171	-0.0546171	-0.0546171
-4.5751	-0.0546644	-0.0546644	-0.0546644
-4.5741	-0.0547123	-0.0547123	-0.0547123
-4.5731	-0.0547608	-0.0547608	-0.0547608
-4.5721	-0.0548099	-0.0548099	-0.0548099
-4.5711	-0.0548596	-0.0548596	-0.0548596
-4.5701	-0.0549099	-0.0549099	-0.0549099
-4.5691	-0.0549608	-0.0549608	-0.0549608
-4.5681	-0.0550124	-0.0550124	-0.0550124
-4.5671	-0.0550645	-0.0550645	-0.0550645
-4.5661	-0.0551172	-0.0551172	-0.0551172
-4.5651	-0.0551706	-0.0551706	-0.0551706
-4.5641	-0.0552245	-0.0552245	-0.0552245
-4.5631	-0.0552791	-0.0552791	-0.0552791
-4.5621	-0.0553343	-0.0553343	-0.0553343
-4.5611	-0.05539	-0.05539	-0.05539
-4.5601	-0.0554464	-0.0554464	-0.0554464
-4.5591	-0.0555034	-0.0555034	-0.0555034
-4.5581	-0.0555611	-0.0555611	-0.0555611
-4.5571	-0.0556193	-0.0556193	-0.0556193
-4.5561	-0.0556782	-0.0556782	-0.0556782
-4.5551	-0.0557377	-0.0557377	-0.0557377
-4.5541	-0.0557978	-0.0557978	-0.0557978
-4.5531	-0.0558585	-0.0558585	-0.0558585
-4.5521	-0.0559198	-0.0559198	-0.0559198
-4.5511	-0.0559818	-0.0559818	-0.0559818
-4.5501	-0.0560444	-0.0560444	-0.0560444
-4.5491	-0.0561076	-0.0561076	-0.0561076
-4.5481	-0.0561715	-0.0561715	-0.0561715
-4.5471	-0.0562359	-0.0562359	-0.0562359
-4.5461	-0.056301	-0.056301	-0.056301
-4.5451	-0.0563668	-0.0563668	-0.0563668
-4.5441	-0.0564332	-0.0564332	-0.0564332
-4.5431	-0.0565002	-0.0565002	-0.0565002
-4.5421	-0.0565678	-0.0565678	-0.0565678
-4.5411	-0.0566361	-0.0566361	-0.0566361
-4.5401	-0.056705	-0.056705	-0.056705
-4.5391	-0.0567746	-0.0567746	-0.0567746
-4.5381	-0.0568448	-0.0568448	-0.0568448
-4.5371	-0.0569157	-0.0569157	-0.0569157
-4.5361	-0.0569872	-0.0569872	-0.0569872
-4.5351	-0.0570593	-0.0570593	-0.0570593
-4.5341	-0.0571321	-0.0571321	-0.0571321
-4.5331	-0.0572056	-0.0572056	-0.0572056
-4.5321	-0.0572797	-0.0572797	-0.0572797
-4.5311	-0.0573545	-0.0573545	-0.0573545
-4.5301	-0.0574299	-0.0574299	-0.0574299
-4.5291	-0.057506	-0.057506	-0.057506
-4.5281	-0.0575827	-0.0575827	-0.0575827
-4.5271	-0.0576601	-0.0576601	-0.0576601
-4.5261	-0.0577382	-0.0577382	-0.0577382
-4.5251	-0.057817	-0.057817	-0.057817
-4.5241	-0.0578964	-0.0578964	-0.0578964
-4.5231	-0.0579765	-0.0579765	-0.0579765
-4.5221	-0.0580572	-0.0580572	-0.0580572
-4.5211	-0.0581387	-0.0581387	-0.0581387
-4.5201	-0.0582208	-0.0582208	-0.0582208
-4.5191	-0.0583036	-0.0583036	-0.0583036
-4.5181	-0.0583871	-0.0583871	-0.0583871
-4.5171	-0.0584713	-0.0584713	-0.0584713
-4.5161	-0.0585562	-0.0585562	-0.0585562
-4.5151	-0.0586417	-0.0586417	-0.0586417
-4.5141	-0.058728	-0.058728	-0.058728
-4.5131	-0.0588149	-0.0588149	-0.0588149
-4.5121	-0.0589026	-0.0589026	-0.0589026
-4.5111	-0.0589909	-0.0589909	-0.0589909
-4.5101	-0.05908	-0.05908	-0.05908
-4.5091	-0.0591698	-0.0591698	-0.0591698
-4.5081	-0.0592602	-0.0592602	-0.0592602
-4.5071	-0.0593514	-0.0593514	-0.0593514
-4.5061	-0.0594433	-0.0594433	-0.0594433
-4.5051	-0.059536	-0.059536	-0.059536
-4.5041	-0.0596293	-0.0596293	-0.0596293
-4.5031	-0.0597234	-0.0597234	-0.0597234
-4.5021	-0.0598182	-0.0598182	-0.0598182
-4.5011	-0.0599137	-0.0599137	-0.0599137
-4.5001	-0.0600099	-0.0600099	-0.0600099
-4.4991	-0.0601069	-0.0601069	-0.0601069
-4.4981	-0.0602047	-0.0602047	-0.0602047
-4.4971	-0.0603031	-0.0603031	-0.0603031
-4.4961	-0.0604023	-0.0604023	-0.0604024
-4.4951	-0.0605023	-0.0605023	-0.0605023
-4.4941	-0.060603	-0.060603	-0.060603
-4.4931	-0.0607045	-0.0607045	-0.0607045
-4.4921	-0.0608067	-0.0608067	-0.0608067
-4.4911	-0.0609097	-0.0609097	-0.0609097
-4.4901	-0.0610135	-0.0610135	-0.0610135
-4.4891	-0.061118	-0.061118	-0.061118
-4.4881	-0.0612233	-0.0612233	-0.0612233
-4.4871	-0.0613294	-0.0613294	-0.0613294
-4.4861	-0.0614362	-0.0614362	-0.0614362
-4.4851	-0.0615439	-0.0615439	-0.0615439
-4.4841	-0.0616523	-0.0616523	-0.0616523
-4.4831	-0.0617615	-0.0617615	-0.0617615
-4.4821	-0.0618715	-0.0618715	-0.0618715
-4.4811	-0.0619823	-0.0619823	-0.0619823
-4.4801	-0.0620939	-0.0620939	-0.0620939
-4.4791	-0.0622063	-0.0622063	-0.0622063
-4.4781	-0.0623195	-0.0623195	-0.0623195
-4.4771	-0.0624336	-0.0624336	-0.0624336
-4.4761	-0.0625484	-0.0625484	-0.0625484
-4.4751	-0.0626641	-0.0626641	-0.0626641
-4.4741	-0.0627806	-0.0627806	-0.0627806
-4.4731	-0.0628979	-0.0628979	-0.0628979
-4.4721	-0.063016	-0.063016	-0.063016
-4.4711	-0.063135	-0.063135	-0.063135
-4.4701	-0.0632549	-0.0632549	-0.0632549
-4.4691	-0.0633755	-0.0633755	-0.0633755
-4.4681	-0.0634971	-0.0634971	-0.0634971
-4.4671	-0.0636194	-0.0636194	-0.0636194
-4.4661	-0.0637427	-0.0637427	-0.0637427
-4.4651	-0.0638668	-0.0638668	-0.0638668
-4.4641	-0.0639918	-0.0639918	-0.0639918
-4.4631	-0.0641176	-0.0641176	-0.0641176
-4.4621	-0.0642443	-0.0642443	-0.0642443
-4.4611	-0.0643719	-0.0643719	-0.0643719
-4.4601	-0.0645004	-0.0645004	-0.0645004
-4.4591	-0.0646298	-0.0646298	-0.0646298
-4.4581	-0.0647601	-0.0647601	-0.0647601
-4.4571	-0.0648913	-0.0648913	-0.0648913
-4.4561	-0.0650233	-0.0650233	-0.0650233
-4.4551	-0.0651563	-0.0651563	-0.0651563
-4.4541	-0.0652902	-0.0652902	-0.0652902
-4.4531	-0.0654251	-0.0654251	-0.0654251
-4.4521	-0.0655608	-0.0655608	-0.0655608
-4.4511	-0.0656975	-0.0656975	-0.0656975
-4.4501	-0.0658352	-0.0658352	-0.0658352
-4.4491	-0.0659737	-0.0659737	-0.0659737
-4.4481	-0.0661133	-0.0661133	-0.0661133
-4.4471	-0.0662537	-0.0662537	-0.0662537
-4.4461	-0.0663952	-0.0663952	-0.0663952
-4.4451	-0.0665376	-0.0665376	-0.0665376
-4.4441	-0.0666809	-0.0666809	-0.0666809
-4.4431	-0.0668253	-0.0668253	-0.0668253
-4.4421	-0.0669706	-0.0669706	-0.0669706
-4.4411	-0.0671169	-0.0671169	-0.0671169
-4.4401	-0.0672642	-0.0672642	-0.0672642
-4.4391	-0.0674125	-0.0674125	-0.0674125
-4.4381	-0.0675618	-0.0675618	-0.0675618
-4.4371	-0.0677121	-0.0677121	-0.0677121
-4.4361	-0.0678635	-0.0678635	-0.0678635
-4.4351	-0.0680158	-0.0680158	-0.0680158
-4.4341	-0.0681692	-0.0681692	-0.0681692
-4.4331	-0.0683237	-0.0683237	-0.0683237
-4.4321	-0.0684791	-0.0684791	-0.0684791
-4.4311	-0.0686356	-0.0686356	-0.0686356
-4.4301	-0.0687932	-0.0687932	-0.0687932
-4.4291	-0.0689519	-0.0689519	-0.0689519
-4.4281	-0.0691116	-0.0691116	-0.0691116
-4.4271	-0.0692723	-0.0692723	-0.0692723
-4.4261	-0.0694342	-0.0694342	-0.0694342
-4.4251	-0.0695972	-0.0695972	-0.0695972
-4.4241	-0.0697612	-0.0697612	-0.0697612
-4.4231	-0.0699264	-0.0699264	-0.0699264
-4.4221	-0.0700926	-0.0700926	-0.0700926
-4.4211	-0.07026	-0.07026	-0.07026
-4.4201	-0.0704285	-0.0704285	-0.0704285
-4.4191	-0.0705981	-0.0705981	-0.0705982
-4.4181	-0.0707689	-0.0707689	-0.0707689
-4.4171	-0.0709409	-0.0709409	-0.0709409
-4.4161	-0.0711139	-0.0711139	-0.0711139
-4.4151	-0.0712882	-0.0712882	-0.0712882
-4.4141	-0.0714636	-0.0714636	-0.0714636
-4.4131	-0.0716402	-0.0716402	-0.0716402
-4.4121	-0.071818	-0.071818	-0.071818
-4.4111	-0.0719969	-0.0719969	-0.0719969
-4.4101	-0.0721771	-0.0721771	-0.0721771
-4.4091	-0.0723585	-0.0723585	-0.0723585
-4.4081	-0.0725411	-0.0725411	-0.0725411
-4.4071	-0.0727249	-0.0727249	-0.0727249
-4.4061	-0.07291	-0.07291	-0.07291
-4.4051	-0.0730963	-0.0730963	-0.0730963
-4.4041	-0.0732839	-0.0732839	-0.0732839
-4.4031	-0.0734727	-0.0734727	-0.0734727
-4.4021	-0.0736628	-0.0736628	-0.0736628
-4.4011	-0.0738542	-0.0738542	-0.0738542
-4.4001	-0.0740468	-0.0740468	-0.0740468
-4.3991	-0.0742408	-0.0742408	-0.0742408
-4.3981	-0.0744361	-0.0744361	-0.0744361
-4.3971	-0.0746326	-0.0746326	-0.0746326
-4.3961	-0.0748306	-0.0748306	-0.0748306
-4.3951	-0.0750298	-0.0750298	-0.0750298
-4.3941	-0.0752304	-0.0752304	-0.0752304
-4.3931	-0.0754323	-0.0754323	-0.0754323
-4.3921	-0.0756356	-0.0756356	-0.0756356
-4.3911	-0.0758403	-0.0758403	-0.0758403
-4.3901	-0.0760464	-0.0760464	-0.0760464
-4.3891	-0.0762538	-0.0762538	-0.0762538
-4.3881	-0.0764627	-0.0764627	-0.0764627
-4.3871	-0.076673	-0.076673	-0.076673
-4.3861	-0.0768847	-0.0768847	-0.0768847
-4.3851	-0.0770978	-0.0770978	-0.0770978
-4.3841	-0.0773124	-0.0773124	-0.0773124
-4.3831	-0.0775285	-0.0775285	-0.0775285
-4.3821	-0.077746	-0.077746	-0.077746
-4.3811	-0.077965	-0.077965	-0.077965
-4.3801	-0.0781855	-0.0781855	-0.0781855
-4.3791	-0.0784074	-0.0784074	-0.0784074
-4.3781	-0.0786309	-0.0786309	-0.0786309
-4.3771	-0.078856	-0.078856	-0.078856
-4.3761	-0.0790825	-0.0790825	-0.0790825
-4.3751	-0.0793106	-0.0793106	-0.0793106
-4.3741	-0.0795403	-0.0795403	-0.0795403
-4.3731	-0.0797716	-0.0797716	-0.0797716
-4.3721	-0.0800044	-0.0800044	-0.0800044
-4.3711	-0.0802388	-0.0802388	-0.0802388
-4.3701	-0.0804749	-0.0804749	-0.0804749
-4.3691	-0.0807125	-0.0807125	-0.0807125
-4.3681	-0.0809518	-0.0809518	-0.0809518
-4.3671	-0.0811928	-0.0811928	-0.0811928
-4.3661	-0.0814354	-0.0814354	-0.0814354
-4.3651	-0.0816797	-0.0816797	-0.0816797
-4.3641	-0.0819257	-0.0819257	-0.0819257
-4.3631	-0.0821734	-0.0821734	-0.0821734
-4.3621	-0.0824228	-0.0824228	-0.0824228
-4.3611	-0.0826739	-0.0826739	-0.0826739
-4.3601	-0.0829268	-0.0829268	-0.0829268
-4.3591	-0.0831814	-0.0831814	-0.0831814
-4.3581	-0.0834378	-0.0834378	-0.0834378
-4.3571	-0.083696	-0.083696	-0.083696
-4.3561	-0.083956	-0.083956	-0.083956
-4.3551	-0.0842178	-0.0842178	-0.0842178
-4.3541	-0.0844814	-0.0844814	-0.0844814
-4.3531	-0.0847469	-0.0847469	-0.0847469
-4.3521	-0.0850143	-0.0850143	-0.0850143
-4.3511	-0.0852835	-0.0852835	-0.0852835
-4.3501	-0.0855547	-0.0855547	-0.0855547
-4.3491	-0.0858277	-0.0858277	-0.0858277
-4.3481	-0.0861027	-0.0861027	-0.0861027
-4.3471	-0.0863796	-0.0863796	-0.0863796
-4.3461	-0.0866585	-0.0866585	-0.0866585
-4.3451	-0.0869393	-0.0869393	-0.0869393
-4.3441	-0.0872221	-0.0872221	-0.0872221
-4.3431	-0.087507	-0.087507	-0.087507
-4.3421	-0.0877939	-0.0877939	-0.0877939
-4.3411	-0.0880828	-0.0880828	-0.0880828
-4.3401	-0.0883738	-0.0883738	-0.0883738
-4.3391	-0.0886669	-0.0886669	-0.0886669
-4.3381	-0.0889621	-0.0889621	-0.0889621
-4.3371	-0.0892594	-0.0892594	-0.0892594
-4.3361	-0.0895588	-0.0895588	-0.0895588
-4.3351	-0.0898604	-0.0898604	-0.0898604
-4.3341	-0.0901642	-0.0901642	-0.0901642
-4.3331	-0.0904701	-0.0904701	-0.0904701
-4.3321	-0.0907783	-0.0907783	-0.0907783
-4.3311	-0.0910887	-0.0910887	-0.0910887
-4.3301	-0.0914014	-0.0914014	-0.0914014
-4.3291	-0.0917163	-0.0917163	-0.0917163
-4.3281	-0.0920336	-0.0920336	-0.0920336
-4.3271	-0.0923531	-0.0923531	-0.0923531
-4.3261	-0.092675	-0.092675	-0.092675
-4.3251	-0.0929993	-0.0929993	-0.0929993
-4.3241	-0.0933259	-0.0933259	-0.0933259
-4.3231	-0.093655	-0.093655	-0.093655
-4.3221	-0.0939864	-0.0939864	-0.0939864
-4.3211	-0.0943203	-0.0943203	-0.0943203
-4.3201	-0.0946567	-0.0946567	-0.0946567
-4.3191	-0.0949956	-0.0949956	-0.0949956
-4.3181	-0.095337	-0.095337	-0.095337
-4.3171	-0.095681	-0.095681	-0.095681
-4.3161	-0.0960275	-0.0960275	-0.0960275
-4.3151	-0.0963766	-0.0963766	-0.0963766
-4.3141	-0.0967283	-0.0967283	-0.0967283
-4.3131	-0.0970826	-0.0970826	-0.0970826
-4.3121	-0.0974397	-0.0974397	-0.0974397
-4.3111	-0.0977994	-0.0977994	-0.0977994
-4.3101	-0.0981618	-0.0981618	-0.0981618
-4.3091	-0.098527	-0.098527	-0.098527
-4.3081	-0.0988949	-0.0988949	-0.0988949
-4.3071	-0.0992657	-0.0992657	-0.0992657
-4.3061	-0.0996392	-0.0996392	-0.0996392
-4.3051	-0.100016	-0.100016	-0.100016
-4.3041	-0.100395	-0.100395	-0.100395
-4.3031	-0.100777	-0.100777	-0.100777
-4.3021	-0.101162	-0.101162	-0.101162
-4.3011	-0.10155	-0.10155	-0.10155
-4.3001	-0.101942	-0.101942	-0.101942
-4.2991	-0.102336	-0.102336	-0.102336
-4.2981	-0.102733	-0.102733	-0.102733
-4.2971	-0.103133	-0.103133	-0.103133
-4.2961	-0.103537	-0.103537	-0.103537
-4.2951	-0.103943	-0.103943	-0.103943
-4.2941	-0.104353	-0.104353	-0.104353
-4.2931	-0.104766	-0.104766	-0.104766
-4.2921	-0.105182	-0.105182	-0.105182
-4.2911	-0.105602	-0.105602	-0.105602
-4.2901	-0.106024	-0.106024	-0.106024
-4.2891	-0.10645	-0.10645	-0.10645
-4.2881	-0.10688	-0.10688	-0.10688
-4.2871	-0.107313	-0.107313	-0.107313
-4.2861	-0.107749	-0.107749	-0.107749
-4.2851	-0.108189	-0.108189	-0.108189
-4.2841	-0.108633	-0.108633	-0.108633
-4.2831	-0.10908	-0.10908	-0.10908
-4.2821	-0.109531	-0.109531	-0.109531
-4.2811	-0.109985	-0.109985	-0.109985
-4.2801	-0.110443	-0.110443	-0.110443
-4.2791	-0.110905	-0.110905	-0.110905
-4.2781	-0.11137	-0.11137	-0.11137
-4.2771	-0.111839	-0.111839	-0.111839
-4.2761	-0.112312	-0.112312	-0.112312
-4.2751	-0.112789	-0.112789	-0.112789
-4.2741	-0.11327	-0.11327	-0.11327
-4.2731	-0.113755	-0.113755	-0.113755
-4.2721	-0.114244	-0.114244	-0.114244
-4.2711	-0.114737	-0.114737	-0.114737
-4.2701	-0.115234	-0.115234	-0.115234
-4.2691	-0.115736	-0.115736	-0.115736
-4.2681	-0.116241	-0.116241	-0.116241
-4.2671	-0.116751	-0.116751	-0.116751
-4.2661	-0.117265	-0.117265	-0.117265
-4.2651	-0.117783	-0.117783	-0.117783
-4.2641	-0.118306	-0.118306	-0.118306
-4.2631	-0.118834	-0.118834	-0.118834
-4.2621	-0.119365	-0.119365	-0.119365
-4.2611	-0.119902	-0.119902	-0.119902
-4.2601	-0.120442	-0.120442	-0.120443
-4.2591	-0.120988	-0.120988	-0.120988
-4.2581	-0.121538	-0.121538	-0.121538
-4.2571	-0.122093	-0.122093	-0.122093
-4.2561	-0.122653	-0.122653	-0.122653
-4.2551	-0.123218	-0.123218	-0.123218
-4.2541	-0.123788	-0.123788	-0.123788
-4.2531	-0.124363	-0.124363	-0.124363
-4.2521	-0.124942	-0.124942	-0.124942
-4.2511	-0.125527	-0.125527	-0.125527
-4.2501	-0.126117	-0.126117	-0.126117
-4.2491	-0.126713	-0.126713	-0.126713
-4.2481	-0.127313	-0.127313	-0.127313
-4.2471	-0.127919	-0.127919	-0.127919
-4.2461	-0.128531	-0.128531	-0.128531
-4.2451	-0.129148	-0.129148	-0.129148
-4.2441	-0.12977	-0.12977	-0.12977
-4.2431	-0.130399	-0.130399	-0.130399
-4.2421	-0.131032	-0.131032	-0.131032
-4.2411	-0.131672	-0.131672	-0.131672
-4.2401	-0.132318	-0.132318	-0.132318
-4.2391	-0.132969	-0.132969	-0.132969
-4.2381	-0.133627	-0.133627	-0.133627
-4.2371	-0.13429	-0.13429	-0.13429
-4.2361	-0.13496	-0.13496	-0.13496
-4.2351	-0.135636	-0.135636	-0.135636
-4.2341	-0.136318	-0.136318	-0.136318
-4.2331	-0.137007	-0.137007	-0.137007
-4.2321	-0.137702	-0.137702	-0.137702
-4.2311	-0.138404	-0.138404	-0.138404
-4.2301	-0.139113	-0.139113	-0.139113
-4.2291	-0.139828	-0.139828	-0.139828
-4.2281	-0.14055	-0.14055	-0.14055
-4.2271	-0.141279	-0.141279	-0.141279
-4.2261	-0.142015	-0.142015	-0.142015
-4.2251	-0.142758	-0.142758	-0.142758
-4.2241	-0.143509	-0.143509	-0.143509
-4.2231	-0.144266	-0.144266	-0.144266
-4.2221	-0.145031	-0.145031	-0.145031
-4.2211	-0.145804	-0.145804	-0.145804
-4.2201	-0.146584	-0.146584	-0.146584
-4.2191	-0.147372	-0.147372	-0.147372
-4.2181	-0.148168	-0.148168	-0.148168
-4.2171	-0.148971	-0.148971	-0.148971
-4.2161	-0.149783	-0.149783	-0.149783
-4.2151	-0.150603	-0.150603	-0.150603
-4.2141	-0.151431	-0.151431	-0.151431
-4.2131	-0.152268	-0.152268	-0.152268
-4.2121	-0.153113	-0.153113	-0.153113
-4.2111	-0.153967	-0.153967	-0.153967
-4.2101	-0.154829	-0.154829	-0.154829
-4.2091	-0.1557	-0.1557	-0.1557
-4.2081	-0.156581	-0.156581	-0.156581
-4.2071	-0.15747	-0.15747	-0.15747
-4.2061	-0.158369	-0.158369	-0.158369
-4.2051	-0.159277	-0.159277	-0.159277
-4.2041	-0.160195	-0.160195	-0.160195
-4.2031	-0.161123	-0.161123	-0.161123
-4.2021	-0.16206	-0.16206	-0.16206
-4.2011	-0.163007	-0.163007	-0.163007
-4.2001	-0.163965	-0.163965	-0.163965
-4.1991	-0.164932	-0.164932	-0.164932
-4.1981	-0.165911	-0.165911	-0.165911
-4.1971	-0.1669	-0.1669	-0.1669
-4.1961	-0.167899	-0.167899	-0.167899
-4.1951	-0.16891	-0.16891	-0.16891
-4.1941	-0.169931	-0.169931	-0.169931
-4.1931	-0.170964	-0.170964	-0.170964
-4.1921	-0.172009	-0.172009	-0.172009
-4.1911	-0.173065	-0.173065	-0.173065
-4.1901	-0.174133	-0.174133	-0.174133
-4.1891	-0.175212	-0.175212	-0.175212
-4.1881	-0.176305	-0.176305	-0.176305
-4.1871	-0.177409	-0.177409	-0.177409
-4.1861	-0.178526	-0.178526	-0.178526
-4.1851	-0.179656	-0.179656	-0.179656
-4.1841	-0.180799	-0.180799	-0.180799
-4.1831	-0.181955	-0.181955	-0.181955
-4.1821	-0.183125	-0.183125	-0.183125
-4.1811	-0.184309	-0.184309	-0.184309
-4.1801	-0.185506	-0.185506	-0.185506
-4.1791	-0.186717	-0.186717	-0.186717
-4.1781	-0.187943	-0.187943	-0.187943
-4.1771	-0.189184	-0.189184	-0.189184
-4.1761	-0.190439	-0.190439	-0.190439
-4.1751	-0.191709	-0.191709	-0.191709
-4.1741	-0.192995	-0.192995	-0.192995
-4.1731	-0.194297	-0.194297	-0.194297
-4.1721	-0.195614	-0.195614	-0.195614
-4.1711	-0.196948	-0.196948	-0.196948
-4.1701	-0.198298	-0.198298	-0.198298
-4.1691	-0.199665	-0.199665	-0.199665
-4.1681	-0.20105	-0.20105	-0.20105
-4.1671	-0.202451	-0.202451	-0.202451
-4.1661	-0.203871	-0.203871	-0.203871
-4.1651	-0.205308	-0.205308	-0.205308
-4.1641	-0.206764	-0.206764	-0.206764
-4.1631	-0.208238	-0.208238	-0.208238
-4.1621	-0.209732	-0.209732	-0.209732
-4.1611	-0.211245	-0.211245	-0.211245
-4.1601	-0.212778	-0.212778	-0.212778
-4.1591	-0.214331	-0.214331	-0.214331
-4.1581	-0.215905	-0.215905	-0.215905
-4.1571	-0.217499	-0.217499	-0.217499
-4.1561	-0.219115	-0.219115	-0.219115
-4.1551	-0.220753	-0.220753	-0.220753
-4.1541	-0.222413	-0.222413	-0.222413
-4.1531	-0.224095	-0.224095	-0.224095
-4.1521	-0.225801	-0.225801	-0.225801
-4.1511	-0.22753	-0.22753	-0.22753
-4.1501	-0.229284	-0.229284	-0.229284
-4.1491	-0.231061	-0.231061	-0.231061
-4.1481	-0.232864	-0.232864	-0.232864
-4.1471	-0.234692	-0.234692	-0.234692
-4.1461	-0.236547	-0.236547	-0.236547
-4.1451	-0.238428	-0.238428	-0.238428
-4.1441	-0.240336	-0.240336	-0.240336
-4.1431	-0.242272	-0.242272	-0.242272
-4.1421	-0.244236	-0.244236	-0.244236
-4.1411	-0.246229	-0.246229	-0.246229
-4.1401	-0.248251	-0.248251	-0.248251
-4.1391	-0.250304	-0.250304	-0.250304
-4.1381	-0.252387	-0.252387	-0.252387
-4.1371	-0.254502	-0.254502	-0.254502
-4.1361	-0.25665	-0.25665	-0.25665
-4.1351	-0.25883	-0.25883	-0.25883
-4.1341	-0.261044	-0.261044	-0.261044
-4.1331	-0.263292	-0.263292	-0.263292
-4.1321	-0.265575	-0.265575	-0.265575
-4.1311	-0.267895	-0.267895	-0.267895
-4.1301	-0.270251	-0.270251	-0.270251
-4.1291	-0.272645	-0.272645	-0.272645
-4.1281	-0.275077	-0.275077	-0.275077
-4.1271	-0.27755	-0.27755	-0.27755
-4.1261	-0.280062	-0.280062	-0.280062
-4.1251	-0.282616	-0.282616	-0.282616
-4.1241	-0.285212	-0.285212	-0.285212
-4.1231	-0.287852	-0.287852	-0.287852
-4.1221	-0.290536	-0.290536	-0.290536
-4.1211	-0.293266	-0.293266	-0.293266
-4.1201	-0.296043	-0.296043	-0.296043
-4.1191	-0.298868	-0.298868	-0.298868
-4.1181	-0.301742	-0.301742	-0.301742
-4.1171	-0.304666	-0.304666	-0.304666
-4.1161	-0.307642	-0.307642	-0.307642
-4.1151	-0.310671	-0.310671	-0.310671
-4.1141	-0.313755	-0.313755	-0.313755
-4.1131	-0.316895	-0.316895	-0.316895
-4.1121	-0.320092	-0.320092	-0.320092
-4.1111	-0.323348	-0.323348	-0.323348
-4.1101	-0.326664	-0.326664	-0.326664
-4.1091	-0.330043	-0.330043	-0.330043
-4.1081	-0.333486	-0.333486	-0.333486
-4.1071	-0.336995	-0.336995	-0.336995
-4.1061	-0.340572	-0.340572	-0.340572
-4.1051	-0.344218	-0.344218	-0.344218
-4.1041	-0.347936	-0.347936	-0.347936
-4.1031	-0.351727	-0.351727	-0.351727
-4.1021	-0.355594	-0.355594	-0.355595
-4.1011	-0.35954	-0.35954	-0.35954
-4.1001	-0.363566	-0.363566	-0.363566
-4.0001	-416.604	-416.604	-416.604
-3.9991	46.3592	46.3592	46.3592
-3.9981	21.9928	21.9928	21.9928
-3.9971	14.4309	14.4309	14.4309
-3.9961	10.747	10.747	10.747
-3.9951	8.5667	8.5667	8.5667
-3.9941	7.12556	7.12556	7.12556
-3.9931	6.10218	6.10218	6.10218
-3.9921	5.3379	5.3379	5.3379
-3.9911	4.7454	4.7454	4.7454
-3.9901	4.27262	4.27262	4.27262
-3.9891	3.88661	3.88661	3.88661
-3.9881	3.5655	3.5655	3.5655
-3.9871	3.29418	3.29418	3.29418
-3.9861	3.06193	3.06193	3.06193
-3.9851	2.86086	2.86086	2.86086
-3.9841	2.6851	2.6851	2.6851
-3.9831	2.53015	2.53015	2.53015
-3.9821	2.39253	2.39253	2.39253
-3.9811	2.26949	2.26949	2.26949
-3.9801	2.15882	2.15882	2.15882
-3.9791	2.05875	2.05875	2.05875
-3.9781	1.96784	1.96784	1.96784
-3.9771	1.88487	1.88487	1.88487
-3.9761	1.80886	1.80886	1.80886
-3.9751	1.73896	1.73896	1.73896
-3.9741	1.67447	1.67447	1.67447
-3.9731	1.61478	1.61478	1.61478
-3.9721	1.55938	1.55938	1.55938
-3.9711	1.50783	1.50783	1.50783
-3.9701	1.45972	1.45972	1.45972
-3.9691	1.41475	1.41475	1.41475
-3.9681	1.37259	1.37259	1.37259
-3.9671	1.33301	1.33301	1.33301
-3.9661	1.29577	1.29577	1.29577
-3.9651	1.26068	1.26068	1.26068
-3.9641	1.22754	1.22754	1.22754
-3.9631	1.19621	1.19621	1.19621
-3.9621	1.16653	1.16653	1.16653
-3.9611	1.13839	1.13839	1.13839
-3.9601	1.11167	1.11167	1.11167
-3.9591	1.08626	1.08626	1.08626
-3.9581	1.06207	1.06207	1.06207
-3.9571	1.03901	1.03901	1.03901
-3.9561	1.01701	1.01701	1.01701
-3.9551	0.995991	0.995991	0.995991
-3.9541	0.975896	0.975896	0.975896
-3.9531	0.956664	0.956664	0.956664
-3.9521	0.938241	0.938241	0.938241
-3.9511	0.920576	0.920576	0.920576
-3.9501	0.903624	0.903624	0.903624
-3.9491	0.887344	0.887344	0.887344
-3.9481	0.871696	0.871696	0.871696
-3.9471	0.856645	0.856645	0.856645
-3.9461	0.842157	0.842157	0.842157
-3.9451	0.828202	0.828202	0.828202
-3.9441	0.814751	0.814751	0.814751
-3.9431	0.801777	0.801777	0.801777
-3.9421	0.789257	0.789257	0.789257
-3.9411	0.777166	0.777166	0.777166
-3.9401	0.765483	0.765483	0.765483
-3.9391	0.754188	0.754188	0.754188
-3.9381	0.743263	0.743263	0.743263
-3.9371	0.73269	0.73269	0.73269
-3.9361	0.722451	0.722451	0.722451
-3.9351	0.712533	0.712533	0.712533
-3.9341	0.70292	0.70292	0.70292
-3.9331	0.693598	0.693598	0.693598
-3.9321	0.684555	0.684555	0.684555
-3.9311	0.675778	0.675778	0.675778
-3.9301	0.667257	0.667257	0.667257
-3.9291	0.65898	0.65898	0.65898
-3.9281	0.650937	0.650937	0.650937
-3.9271	0.643119	0.643119	0.643119
-3.9261	0.635516	0.635516	0.635516
-3.9251	0.62812	0.62812	0.62812
-3.9241	0.620923	0.620923	0.620923
-3.9231	0.613917	0.613917	0.613917
-3.9221	0.607094	0.607094	0.607094
-3.9211	0.600448	0.600448	0.600448
-3.9201	0.593972	0.593972	0.593972
-3.9191	0.58766	0.58766	0.58766
-3.9181	0.581505	0.581505	0.581505
-3.9171	0.575503	0.575503	0.575503
-3.9161	0.569647	0.569647	0.569647
-3.9151	0.563932	0.563932	0.563932
-3.9141	0.558354	0.558354	0.558354
-3.9131	0.552908	0.552908	0.552908
-3.9121	0.54759	0.54759	0.54759
-3.9111	0.542394	0.542394	0.542394
-3.9101	0.537317	0.537317	0.537317
-3.9091	0.532355	0.532355	0.532355
-3.9081	0.527505	0.527505	0.527505
-3.9071	0.522762	0.522762	0.522762
-3.9061	0.518124	0.518124	0.518124
-3.9051	0.513586	0.513586	0.513586
-3.9041	0.509147	0.509147	0.509147
-3.9031	0.504802	0.504802	0.504802
-3.9021	0.500549	0.500549	0.50055
-3.9011	0.496386	0.496386	0.496386
-3.9001	0.492309	0.492309	0.492309
-3.8991	0.488316	0.488316	0.488316
-3.8981	0.484404	0.484404	0.484404
-3.8971	0.480572	0.480572	0.480572
-3.8961	0.476816	0.476816	0.476816
-3.8951	0.473135	0.473135	0.473135
-3.8941	0.469526	0.469526	0.469526
-3.8931	0.465989	0.465989	0.465989
-3.8921	0.462519	0.462519	0.462519
-3.8911	0.459117	0.459117	0.459117
-3.8901	0.455779	0.455779	0.455779
-3.8891	0.452504	0.452504	0.452504
-3.8881	0.449291	0.449291	0.449291
-3.8871	0.446138	0.446138	0.446138
-3.8861	0.443043	0.443043	0.443043
-3.8851	0.440005	0.440005	0.440005
-3.8841	0.437022	0.437022	0.437022
-3.8831	0.434093	0.434093	0.434093
-3.8821	0.431216	0.431216	0.431216
-3.8811	0.428391	0.428391	0.428391
-3.8801	0.425616	0.425616	0.425616
-3.8791	0.422889	0.422889	0.422889
-3.8781	0.420211	0.420211	0.420211
-3.8771	0.417578	0.417578	0.417578
-3.8761	0.414991	0.414991	0.414991
-3.8751	0.412448	0.412448	0.412448
-3.8741	0.409948	0.409948	0.409948
-3.8731	0.40749	0.40749	0.40749
-3.8721	0.405073	0.405073	0.405073
-3.8711	0.402697	0.402697	0.402697
-3.8701	0.40036	0.40036	0.40036
-3.8691	0.398061	0.398061	0.398061
-3.8681	0.3958	0.3958	0.3958
-3.8671	0.393576	0.393576	0.393576
-3.8661	0.391387	0.391387	0.391387
-3.8651	0.389234	0.389234	0.389234
-3.8641	0.387115	0.387115	0.387115
-3.8631	0.385029	0.385029	0.385029
-3.8621	0.382977	0.382977	0.382977
-3.8611	0.380956	0.380956	0.380956
-3.8601	0.378968	0.378968	0.378968
-3.8591	0.37701	0.37701	0.37701
-3.8581	0.375082	0.375082	0.375082
-3.8571	0.373184	0.373184	0.373184
-3.8561	0.371315	0.371315	0.371315
-3.8551	0.369474	0.369474	0.369474
-3.8541	0.367661	0.367661	0.367661
-3.8531	0.365875	0.365875	0.365875
-3.8521	0.364116	0.364116	0.364116
-3.8511	0.362383	0.362383	0.362383
-3.8501	0.360676	0.360676	0.360676
-3.8491	0.358994	0.358994	0.358994
-3.8481	0.357337	0.357337	0.357337
-3.8471	0.355703	0.355703	0.355703
-3.8461	0.354094	0.354094	0.354094
-3.8451	0.352508	0.352508	0.352508
-3.8441	0.350945	0.350945	0.350945
-3.8431	0.349404	0.349404	0.349404
-3.8421	0.347885	0.347885	0.347885
-3.8411	0.346388	0.346388	0.346388
-3.8401	0.344912	0.344912	0.344912
-3.8391	0.343457	0.343457	0.343457
-3.8381	0.342023	0.342023	0.342023
-3.8371	0.340608	0.340608	0.340608
-3.8361	0.339213	0.339213	0.339213
-3.8351	0.337838	0.337838	0.337838
-3.8341	0.336482	0.336482	0.336482
-3.8331	0.335144	0.335144	0.335144
-3.8321	0.333825	0.333825	0.333825
-3.8311	0.332523	0.332523	0.332523
-3.8301	0.33124	0.33124	0.33124
-3.8291	0.329974	0.329974	0.329974
-3.8281	0.328725	0.328725	0.328725
-3.8271	0.327493	0.327493	0.327493
-3.8261	0.326278	0.326278	0.326278
-3.8251	0.325079	0.325079	0.325079
-3.8241	0.323896	0.323896	0.323896
-3.8231	0.322729	0.322729	0.322729
-3.8221	0.321577	0.321577	0.321577
-3.8211	0.320441	0.320441	0.320441
-3.8201	0.319319	0.319319	0.319319
-3.8191	0.318213	0.318213	0.318213
-3.8181	0.317121	0.317121	0.317121
-3.8171	0.316043	0.316043	0.316043
-3.8161	0.31498	0.31498	0.31498
-3.8151	0.31393	0.31393	0.31393
-3.8141	0.312894	0.312894	0.312894
-3.8131	0.311872	0.311872	0.311872
-3.8121	0.310863	0.310863	0.310863
-3.8111	0.309866	0.309866	0.309866
-3.8101	0.308883	0.308883	0.308883
-3.8091	0.307913	0.307913	0.307913
-3.8081	0.306954	0.306954	0.306954
-3.8071	0.306009	0.306009	0.306009
-3.8061	0.305075	0.305075	0.305075
-3.8051	0.304153	0.304153	0.304153
-3.8041	0.303243	0.303243	0.303243
-3.8031	0.302345	0.302345	0.302345
-3.8021	0.301458	0.301458	0.301458
-3.8011	0.300582	0.300582	0.300582
-3.8001	0.299718	0.299718	0.299718
-3.7991	0.298864	0.298864	0.298864
-3.7981	0.298022	0.298022	0.298022
-3.7971	0.29719	0.29719	0.29719
-3.7961	0.296368	0.296368	0.296368
-3.7951	0.295557	0.295557	0.295557
-3.7941	0.294756	0.294756	0.294756
-3.7931	0.293965	0.293965	0.293965
-3.7921	0.293184	0.293184	0.293184
-3.7911	0.292413	0.292413	0.292413
-3.7901	0.291652	0.291652	0.291652
-3.7891	0.2909	0.2909	0.2909
-3.7881	0.290157	0.290157	0.290157
-3.7871	0.289424	0.289424	0.289424
-3.7861	0.2887	0.2887	0.2887
-3.7851	0.287986	0.287986	0.287986
-3.7841	0.28728	0.28728	0.28728
-3.7831	0.286583	0.286583	0.286583
-3.7821	0.285894	0.285894	0.285894
-3.7811	0.285215	0.285215	0.285215
-3.7801	0.284544	0.284544	0.284544
-3.7791	0.283881	0.283881	0.283881
-3.7781	0.283227	0.283227	0.283227
-3.7771	0.28258	0.28258	0.28258
-3.7761	0.281942	0.281942	0.281942
-3.7751	0.281312	0.281312	0.281312
-3.7741	0.28069	0.28069	0.28069
-3.7731	0.280076	0.280076	0.280076
-3.7721	0.279469	0.279469	0.279469
-3.7711	0.27887	0.27887	0.27887
-3.7701	0.278279	0.278279	0.278279
-3.7691	0.277695	0.277695	0.277695
-3.7681	0.277118	0.277118	0.277118
-3.7671	0.276549	0.276549	0.276549
-3.7661	0.275987	0.275987	0.275987
-3.7651	0.275432	0.275432	0.275432
-3.7641	0.274884	0.274884	0.274884
-3.7631	0.274343	0.274343	0.274343
-3.7621	0.273809	0.273809	0.273809
-3.7611	0.273282	0.273282	0.273282
-3.7601	0.272761	0.272761	0.272761
-3.7591	0.272248	0.272248	0.272248
-3.7581	0.27174	0.27174	0.27174
-3.7571	0.27124	0.27124	0.27124
-3.7561	0.270745	0.270745	0.270745
-3.7551	0.270257	0.270257	0.270257
-3.7541	0.269776	0.269776	0.269776
-3.7531	0.269301	0.269301	0.269301
-3.7521	0.268831	0.268831	0.268831
-3.7511	0.268368	0.268368	0.268368
-3.7501	0.267911	0.267911	0.267911
-3.7491	0.267461	0.267461	0.267461
-3.7481	0.267016	0.267016	0.267016
-3.7471	0.266576	0.266576	0.266576
-3.7461	0.266143	0.266143	0.266143
-3.7451	0.265716	0.265716	0.265716
-3.7441	0.265294	0.265294	0.265294
-3.7431	0.264878	0.264878	0.264878
-3.7421	0.264467	0.264467	0.264467
-3.7411	0.264062	0.264062	0.264062
-3.7401	0.263662	0.263662	0.263662
-3.7391	0.263268	0.263268	0.263268
-3.7381	0.262879	0.262879	0.262879
-3.7371	0.262496	0.262496	0.262496
-3.7361	0.262118	0.262118	0.262118
-3.7351	0.261745	0.261745	0.261745
-3.7341	0.261377	0.261377	0.261377
-3.7331	0.261015	0.261015	0.261015
-3.7321	0.260657	0.260657	0.260657
-3.7311	0.260305	0.260305	0.260305
-3.7301	0.259957	0.259957	0.259957
-3.7291	0.259615	0.259615	0.259615
-3.7281	0.259277	0.259277	0.259277
-3.7271	0.258945	0.258945	0.258945
-3.7261	0.258617	0.258617	0.258617
-3.7251	0.258294	0.258294	0.258294
-3.7241	0.257975	0.257975	0.257975
-3.7231	0.257662	0.257662	0.257662
-3.7221	0.257353	0.257353	0.257353
-3.7211	0.257049	0.257049	0.257049
-3.7201	0.256749	0.256749	0.256749
-3.7191	0.256454	0.256454	0.256454
-3.7181	0.256163	0.256163	0.256163
-3.7171	0.255877	0.255877	0.255877
-3.7161	0.255595	0.255595	0.255595
-3.7151	0.255318	0.255318	0.255318
-3.7141	0.255045	0.255045	0.255045
-3.7131	0.254776	0.254776	0.254776
-3.7121	0.254512	0.254512	0.254512
-3.7111	0.254252	0.254252	0.254252
-3.7101	0.253996	0.253996	0.253996
-3.7091	0.253745	0.253745	0.253745
-3.7081	0.253497	0.253497	0.253497
-3.7071	0.253254	0.253254	0.253254
-3.7061	0.253015	0.253015	0.253015
-3.7051	0.25278	0.25278	0.25278
-3.7041	0.252549	0.252549	0.252549
-3.7031	0.252322	0.252322	0.252322
-3.7021	0.252099	0.252099	0.252099
-3.7011	0.25188	0.25188	0.25188
-3.7001	0.251665	0.251665	0.251665
-3.6991	0.251454	0.251454	0.251454
-3.6981	0.251247	0.251247	0.251247
-3.6971	0.251044	0.251044	0.251044
-3.6961	0.250844	0.250844	0.250844
-3.6951	0.250648	0.250648	0.250648
-3.6941	0.250457	0.250457	0.250457
-3.6931	0.250268	0.250268	0.250268
-3.6921	0.250084	0.250084	0.250084
-3.6911	0.249903	0.249903	0.249903
-3.6901	0.249726	0.249726	0.249726
-3.6891	0.249553	0.249553	0.249553
-3.6881	0.249383	0.249383	0.249383
-3.6871	0.249217	0.249217	0.249217
-3.6861	0.249055	0.249055	0.249055
-3.6851	0.248896	0.248896	0.248896
-3.6841	0.248741	0.248741	0.248741
-3.6831	0.248589	0.248589	0.248589
-3.6821	0.248441	0.248441	0.248441
-3.6811	0.248296	0.248296	0.248296
-3.6801	0.248154	0.248154	0.248154
-3.6791	0.248017	0.248017	0.248017
-3.6781	0.247882	0.247882	0.247882
-3.6771	0.247751	0.247751	0.247751
-3.6761	0.247624	0.247624	0.247624
-3.6751	0.247499	0.247499	0.247499
-3.6741	0.247379	0.247379	0.247379
-3.6731	0.247261	0.247261	0.247261
-3.6721	0.247147	0.247147	0.247147
-3.6711	0.247036	0.247036	0.247036
-3.6701	0.246929	0.246929	0.246929
-3.6691	0.246824	0.246824	0.246824
-3.6681	0.246723	0.246723	0.246723
-3.6671	0.246625	0.246625	0.246625
-3.6661	0.246531	0.246531	0.246531
-3.6651	0.24644	0.24644	0.24644
-3.6641	0.246351	0.246351	0.246351
-3.6631	0.246267	0.246267	0.246267
-3.6621	0.246185	0.246185	0.246185
-3.6611	0.246106	0.246106	0.246106
-3.6601	0.246031	0.246031	0.246031
-3.6591	0.245958	0.245958	0.245958
-3.6581	0.245889	0.245889	0.245889
-3.6571	0.245823	0.245823	0.245823
-3.6561	0.24576	0.24576	0.24576
-3.6551	0.2457	0.2457	0.2457
-3.6541	0.245643	0.245643	0.245643
-3.6531	0.245589	0.245589	0.245589
-3.6521	0.245538	0.245538	0.245538
-3.6511	0.24549	0.24549	0.24549
-3.6501	0.245445	0.245445	0.245445
-3.6491	0.245404	0.245404	0.245404
-3.6481	0.245365	0.245365	0.245365
-3.6471	0.245329	0.245329	0.245329
-3.6461	0.245296	0.245296	0.245296
-3.6451	0.245266	0.245266	0.245266
-3.6441	0.245239	0.245239	0.245239
-3.6431	0.245215	0.245215	0.245215
-3.6421	0.245194	0.245194	0.245194
-3.6411	0.245176	0.245176	0.245176
-3.6401	0.245161	0.245161	0.245161
-3.6391	0.245148	0.245148	0.245148
-3.6381	0.245139	0.245139	0.245139
-3.6371	0.245132	0.245132	0.245132
-3.6361	0.245128	0.245128	0.245128
-3.6351	0.245128	0.245128	0.245128
-3.6341	0.24513	0.24513	0.24513
-3.6331	0.245134	0.245134	0.245134
-3.6321	0.245142	0.245142	0.245142
-3.6311	0.245153	0.245153	0.245153
-3.6301	0.245166	0.245166	0.245166
-3.6291	0.245182	0.245182	0.245182
-3.6281	0.245201	0.245201	0.245201
-3.6271	0.245223	0.245223	0.245223
-3.6261	0.245247	0.245247	0.245247
-3.6251	0.245275	0.245275	0.245275
-3.6241	0.245305	0.245305	0.245305
-3.6231	0.245338	0.245338	0.245338
-3.6221	0.245373	0.245373	0.245373
-3.6211	0.245412	0.245412	0.245412
-3.6201	0.245453	0.245453	0.245453
-3.6191	0.245497	0.245497	0.245497
-3.6181	0.245543	0.245543	0.245543
-3.6171	0.245593	0.245593	0.245593
-3.6161	0.245645	0.245645	0.245645
-3.6151	0.2457	0.2457	0.2457
-3.6141	0.245757	0.245757	0.245757
-3.6131	0.245818	0.245818	0.245818
-3.6121	0.245881	0.245881	0.245881
-3.6111	0.245946	0.245946	0.245946
-3.6101	0.246015	0.246015	0.246015
-3.6091	0.246086	0.246086	0.246086
-3.6081	0.24616	0.24616	0.24616
-3.6071	0.246236	0.246236	0.246236
-3.6061	0.246316	0.246316	0.246316
-3.6051	0.246398	0.246398	0.246398
-3.6041	0.246482	0.246482	0.246482
-3.6031	0.246569	0.246569	0.246569
-3.6021	0.246659	0.246659	0.246659
-3.6011	0.246752	0.246752	0.246752
-3.6001	0.246847	0.246847	0.246847
-3.5991	0.246945	0.246945	0.246945
-3.5981	0.247046	0.247046	0.247046
-3.5971	0.247149	0.247149	0.247149
-3.5961	0.247255	0.247255	0.247255
-3.5951	0.247364	0.247364	0.247364
-3.5941	0.247475	0.247475	0.247475
-3.5931	0.247589	0.247589	0.247589
-3.5921	0.247706	0.247706	0.247706
-3.5911	0.247825	0.247825	0.247825
-3.5901	0.247947	0.247947	0.247947
-3.5891	0.248072	0.248072	0.248072
-3.5881	0.248199	0.248199	0.248199
-3.5871	0.248329	0.248329	0.248329
-3.5861	0.248462	0.248462	0.248462
-3.5851	0.248597	0.248597	0.248597
-3.5841	0.248735	0.248735	0.248735
-3.5831	0.248875	0.248875	0.248875
-3.5821	0.249019	0.249019	0.249019
-3.5811	0.249164	0.249164	0.249164
-3.5801	0.249313	0.249313	0.249313
-3.5791	0.249464	0.249464	0.249464
-3.5781	0.249618	0.249618	0.249618
-3.5771	0.249774	0.249774	0.249774
-3.5761	0.249933	0.249933	0.249933
-3.5751	0.250095	0.250095	0.250095
-3.5741	0.25026	0.25026	0.25026
-3.5731	0.250427	0.250427	0.250427
-3.5721	0.250596	0.250596	0.250596
-3.5711	0.250769	0.250769	0.250769
-3.5701	0.250944	0.250944	0.250944
-3.5691	0.251122	0.251122	0.251122
-3.5681	0.251302	0.251302	0.251302
-3.5671	0.251485	0.251485	0.251485
-3.5661	0.251671	0.251671	0.251671
-3.5651	0.251859	0.251859	0.251859
-3.5641	0.25205	0.25205	0.25205
-3.5631	0.252244	0.252244	0.252244
-3.5621	0.25244	0.25244	0.25244
-3.5611	0.252639	0.252639	0.252639
-3.5601	0.252841	0.252841	0.252841
-3.5591	0.253046	0.253046	0.253046
-3.5581	0.253253	0.253253	0.253253
-3.5571	0.253463	0.253463	0.253463
-3.5561	0.253675	0.253675	0.253675
-3.5551	0.253891	0.253891	0.253891
-3.5541	0.254109	0.254109	0.254109
-3.5531	0.254329	0.254329	0.254329
-3.5521	0.254553	0.254553	0.254553
-3.5511	0.254779	0.254779	0.254779
-3.5501	0.255008	0.255008	0.255008
-3.5491	0.255239	0.255239	0.255239
-3.5481	0.255473	0.255473	0.255473
-3.5471	0.25571	0.25571	0.25571
-3.5461	0.25595	0.25595	0.25595
-3.5451	0.256193	0.256193	0.256193
-3.5441	0.256438	0.256438	0.256438
-3.5431	0.256686	0.256686	0.256686
-3.5421	0.256937	0.256937	0.256937
-3.5411	0.25719	0.25719	0.25719
-3.5401	0.257446	0.257446	0.257446
-3.5391	0.257706	0.257706	0.257706
-3.5381	0.257967	0.257967	0.257967
-3.5371	0.258232	0.258232	0.258232
-3.5361	0.258499	0.258499	0.258499
-3.5351	0.25877	0.25877	0.25877
-3.5341	0.259043	0.259043	0.259043
-3.5331	0.259319	0.259319	0.259319
-3.5321	0.259597	0.259597	0.259597
-3.5311	0.259879	0.259879	0.259879
-3.5301	0.260163	0.260163	0.260163
-3.5291	0.26045	0.26045	0.26045
-3.5281	0.26074	0.26074	0.26074
-3.5271	0.261033	0.261033	0.261033
-3.5261	0.261329	0.261329	0.261329
-3.5251	0.261628	0.261628	0.261628
-3.5241	0.261929	0.261929	0.261929
-3.5231	0.262233	0.262233	0.262233
-3.5221	0.262541	0.262541	0.262541
-3.5211	0.262851	0.262851	0.262851
-3.5201	0.263164	0.263164	0.263164
-3.5191	0.26348	0.26348	0.26348
-3.5181	0.263799	0.263799	0.263799
-3.5171	0.264121	0.264121	0.264121
-3.5161	0.264446	0.264446	0.264446
-3.5151	0.264773	0.264773	0.264773
-3.5141	0.265104	0.265104	0.265104
-3.5131	0.265438	0.265438	0.265438
-3.5121	0.265774	0.265774	0.265774
-3.5111	0.266114	0.266114	0.266114
-3.5101	0.266457	0.266457	0.266457
-3.5091	0.266802	0.266802	0.266802
-3.5081	0.267151	0.267151	0.267151
-3.5071	0.267503	0.267503	0.267503
-3.5061	0.267858	0.267858	0.267858
-3.5051	0.268215	0.268215	0.268215
-3.5041	0.268576	0.268576	0.268576
-3.5031	0.26894	0.26894	0.26894
-3.5021	0.269307	0.269307	0.269307
-3.5011	0.269677	0.269677	0.269677
-3.5001	0.270051	0.270051	0.270051
-3.4991	0.270427	0.270427	0.270427
-3.4981	0.270807	0.270807	0.270807
-3.4971	0.271189	0.271189	0.271189
-3.4961	0.271575	0.271575	0.271575
-3.4951	0.271964	0.271964	0.271964
-3.4941	0.272356	0.272356	0.272356
-3.4931	0.272751	0.272751	0.272751
-3.4921	0.27315	0.27315	0.27315
-3.4911	0.273552	0.273552	0.273552
-3.4901	0.273957	0.273957	0.273957
-3.4891	0.274365	0.274365	0.274365
-3.4881	0.274776	0.274776	0.274776
-3.4871	0.275191	0.275191	0.275191
-3.4861	0.275609	0.275609	0.275609
-3.4851	0.27603	0.27603	0.27603
-3.4841	0.276455	0.276455	0.276455
-3.4831	0.276883	0.276883	0.276883
-3.4821	0.277314	0.277314	0.277314
-3.4811	0.277749	0.277749	0.277749
-3.4801	0.278187	0.278187	0.278187
-3.4791	0.278628	0.278628	0.278628
-3.4781	0.279073	0.279073	0.279073
-3.4771	0.279521	0.279521	0.279521
-3.4761	0.279973	0.279973	0.279973
-3.4751	0.280428	0.280428	0.280428
-3.4741	0.280887	0.280887	0.280887
-3.4731	0.281349	0.281349	0.281349
-3.4721	0.281814	0.281814	0.281814
-3.4711	0.282283	0.282283	0.282283
-3.4701	0.282756	0.282756	0.282756
-3.4691	0.283232	0.283232	0.283232
-3.4681	0.283711	0.283711	0.283711
-3.4671	0.284194	0.284194	0.284194
-3.4661	0.284681	0.284681	0.284681
-3.4651	0.285172	0.285172	0.285172
-3.4641	0.285666	0.285666	0.285666
-3.4631	0.286163	0.286163	0.286163
-3.4621	0.286665	0.286665	0.286665
-3.4611	0.28717	0.28717	0.28717
-3.4601	0.287678	0.287678	0.287678
-3.4591	0.288191	0.288191	0.288191
-3.4581	0.288707	0.288707	0.288707
-3.4571	0.289227	0.289227	0.289227
-3.4561	0.28975	0.28975	0.28975
-3.4551	0.290278	0.290278	0.290278
-3.4541	0.290809	0.290809	0.290809
-3.4531	0.291344	0.291344	0.291344
-3.4521	0.291883	0.291883	0.291883
-3.4511	0.292426	0.292426	0.292426
-3.4501	0.292973	0.292973	0.292973
-3.4491	0.293524	0.293524	0.293524
-3.4481	0.294078	0.294078	0.294078
-3.4471	0.294637	0.294637	0.294637
-3.4461	0.2952	0.2952	0.2952
-3.4451	0.295766	0.295766	0.295766
-3.4441	0.296337	0.296337	0.296337
-3.4431	0.296911	0.296911	0.296911
-3.4421	0.29749	0.29749	0.29749
-3.4411	0.298073	0.298073	0.298073
-3.4401	0.29866	0.29866	0.29866
-3.4391	0.299251	0.299251	0.299251
-3.4381	0.299846	0.299846	0.299846
-3.4371	0.300446	0.300446	0.300446
-3.4361	0.301049	0.301049	0.301049
-3.4351	0.301657	0.301657	0.301657
-3.4341	0.302269	0.302269	0.302269
-3.4331	0.302886	0.302886	0.302886
-3.4321	0.303506	0.303506	0.303506
-3.4311	0.304131	0.304131	0.304131
-3.4301	0.304761	0.304761	0.304761
-3.4291	0.305395	0.305395	0.305395
-3.4281	0.306033	0.306033	0.306033
-3.4271	0.306676	0.306676	0.306676
-3.4261	0.307323	0.307323	0.307323
-3.4251	0.307974	0.307974	0.307974
-3.4241	0.308631	0.308631	0.308631
-3.4231	0.309291	0.309291	0.309291
-3.4221	0.309957	0.309957	0.309957
-3.4211	0.310627	0.310627	0.310627
-3.4201	0.311301	0.311301	0.311301
-3.4191	0.31198	0.31198	0.31198
-3.4181	0.312664	0.312664	0.312664
-3.4171	0.313353	0.313353	0.313353
-3.4161	0.314046	0.314046	0.314046
-3.4151	0.314744	0.314744	0.314744
-3.4141	0.315447	0.315447	0.315447
-3.4131	0.316155	0.316155	0.316155
-3.4121	0.316868	0.316868	0.316868
-3.4111	0.317586	0.317586	0.317586
-3.4101	0.318308	0.318308	0.318308
-3.4091	0.319036	0.319036	0.319036
-3.4081	0.319768	0.319768	0.319768
-3.4071	0.320506	0.320506	0.320506
-3.4061	0.321249	0.321249	0.321249
-3.4051	0.321997	0.321997	0.321997
-3.4041	0.32275	0.32275	0.32275
-3.4031	0.323508	0.323508	0.323508
-3.4021	0.324271	0.324271	0.324271
-3.4011	0.32504	0.32504	0.32504
-3.4001	0.325813	0.325813	0.325813
-3.3991	0.326593	0.326593	0.326593
-3.3981	0.327377	0.327377	0.327377
-3.3971	0.328167	0.328167	0.328167
-3.3961	0.328963	0.328963	0.328963
-3.3951	0.329763	0.329763	0.329763
-3.3941	0.33057	0.33057	0.33057
-3.3931	0.331382	0.331382	0.331382
-3.3921	0.332199	0.332199	0.332199
-3.3911	0.333022	0.333022	0.333022
-3.3901	0.333851	0.333851	0.333851
-3.3891	0.334686	0.334686	0.334686
-3.3881	0.335526	0.335526	0.335526
-3.3871	0.336372	0.336372	0.336372
-3.3861	0.337224	0.337224	0.337224
-3.3851	0.338082	0.338082	0.338082
-3.3841	0.338945	0.338945	0.338945
-3.3831	0.339815	0.339815	0.339815
-3.3821	0.340691	0.340691	0.340691
-3.3811	0.341572	0.341572	0.341572
-3.3801	0.34246	0.34246	0.34246
-3.3791	0.343354	0.343354	0.343354
-3.3781	0.344254	0.344254	0.344254
-3.3771	0.34516	0.34516	0.34516
-3.3761	0.346073	0.346073	0.346073
-3.3751	0.346992	0.346992	0.346992
-3.3741	0.347917	0.347917	0.347917
-3.3731	0.348849	0.348849	0.348849
-3.3721	0.349787	0.349787	0.349787
-3.3711	0.350732	0.350732	0.350732
-3.3701	0.351683	0.351683	0.351683
-3.3691	0.352641	0.352641	0.352641
-3.3681	0.353606	0.353606	0.353606
-3.3671	0.354577	0.354577	0.354577
-3.3661	0.355555	0.355555	0.355555
-3.3651	0.35654	0.35654	0.35654
-3.3641	0.357532	0.357532	0.357532
-3.3631	0.358531	0.358531	0.358531
-3.3621	0.359536	0.359536	0.359536
-3.3611	0.360549	0.360549	0.360549
-3.3601	0.361569	0.361569	0.361569
-3.3591	0.362596	0.362596	0.362596
-3.3581	0.36363	0.36363	0.36363
-3.3571	0.364672	0.364672	0.364672
-3.3561	0.365721	0.365721	0.365721
-3.3551	0.366777	0.366777	0.366777
-3.3541	0.367841	0.367841	0.367841
-3.3531	0.368912	0.368912	0.368912
-3.3521	0.369991	0.369991	0.369991
-3.3511	0.371077	0.371077	0.371077
-3.3501	0.372171	0.372171	0.372171
-3.3491	0.373273	0.373273	0.373273
-3.3481	0.374383	0.374383	0.374383
-3.3471	0.375501	0.375501	0.375501
-3.3461	0.376626	0.376626	0.376626
-3.3451	0.37776	0.37776	0.37776
-3.3441	0.378902	0.378902	0.378902
-3.3431	0.380052	0.380052	0.380052
-3.3421	0.38121	0.38121	0.38121
-3.3411	0.382376	0.382376	0.382376
-3.3401	0.383551	0.383551	0.383551
-3.3391	0.384735	0.384735	0.384735
-3.3381	0.385926	0.385926	0.385926
-3.3371	0.387127	0.387127	0.387127
-3.3361	0.388336	0.388336	0.388336
-3.3351	0.389554	0.389554	0.389554
-3.3341	0.39078	0.39078	0.39078
-3.3331	0.392016	0.392016	0.392016
-3.3321	0.393261	0.393261	0.393261
-3.3311	0.394514	0.394514	0.394514
-3.3301	0.395777	0.395777	0.395777
-3.3291	0.397049	0.397049	0.397049
-3.3281	0.39833	0.39833	0.39833
-3.3271	0.399621	0.399621	0.399621
-3.3261	0.400921	0.400921	0.400921
-3.3251	0.402231	0.402231	0.402231
-3.3241	0.403551	0.403551	0.403551
-3.3231	0.40488	0.40488	0.40488
-3.3221	0.406219	0.406219	0.406219
-3.3211	0.407568	0.407568	0.407568
-3.3201	0.408927	0.408927	0.408927
-3.3191	0.410296	0.410296	0.410296
-3.3181	0.411675	0.411675	0.411675
-3.3171	0.413064	0.413064	0.413064
-3.3161	0.414464	0.414464	0.414464
-3.3151	0.415875	0.415875	0.415875
-3.3141	0.417295	0.417295	0.417295
-3.3131	0.418727	0.418727	0.418727
-3.3121	0.42017	0.42017	0.42017
-3.3111	0.421623	0.421623	0.421623
-3.3101	0.423087	0.423087	0.423087
-3.3091	0.424563	0.424563	0.424563
-3.3081	0.426049	0.426049	0.426049
-3.3071	0.427547	0.427547	0.427547
-3.3061	0.429056	0.429056	0.429056
-3.3051	0.430577	0.430577	0.430577
-3.3041	0.43211	0.43211	0.43211
-3.3031	0.433654	0.433654	0.433654
-3.3021	0.43521	0.43521	0.43521
-3.3011	0.436778	0.436778	0.436778
-3.3001	0.438359	0.438359	0.438359
-3.2991	0.439951	0.439951	0.439951
-3.2981	0.441556	0.441556	0.441556
-3.2971	0.443173	0.443173	0.443173
-3.2961	0.444803	0.444803	0.444803
-3.2951	0.446446	0.446446	0.446446
-3.2941	0.448102	0.448102	0.448102
-3.2931	0.44977	0.44977	0.44977
-3.2921	0.451452	0.451452	0.451452
-3.2911	0.453147	0.453147	0.453147
-3.2901	0.454855	0.454855	0.454855
-3.2891	0.456577	0.456577	0.456577
-3.2881	0.458312	0.458312	0.458312
-3.2871	0.460062	0.460062	0.460062
-3.2861	0.461825	0.461825	0.461825
-3.2851	0.463602	0.463602	0.463602
-3.2841	0.465394	0.465394	0.465394
-3.2831	0.4672	0.4672	0.4672
-3.2821	0.469021	0.469021	0.469021
-3.2811	0.470856	0.470856	0.470856
-3.2801	0.472706	0.472706	0.472706
-3.2791	0.474571	0.474571	0.474571
-3.2781	0.476452	0.476452	0.476452
-3.2771	0.478348	0.478348	0.478348
-3.2761	0.480259	0.480259	0.480259
-3.2751	0.482186	0.482186	0.482186
-3.2741	0.484129	0.484129	0.484129
-3.2731	0.486088	0.486088	0.486088
-3.2721	0.488063	0.488063	0.488063
-3.2711	0.490054	0.490054	0.490054
-3.2701	0.492063	0.492063	0.492063
-3.2691	0.494087	0.494087	0.494087
-3.2681	0.496129	0.496129	0.496129
-3.2671	0.498188	0.498188	0.498188
-3.2661	0.500264	0.500264	0.500264
-3.2651	0.502358	0.502358	0.502358
-3.2641	0.50447	0.50447	0.50447
-3.2631	0.506599	0.506599	0.506599
-3.2621	0.508747	0.508747	0.508747
-3.2611	0.510913	0.510913	0.510913
-3.2601	0.513097	0.513097	0.513097
-3.2591	0.5153	0.5153	0.5153
-3.2581	0.517523	0.517523	0.517523
-3.2571	0.519764	0.519764	0.519764
-3.2561	0.522025	0.522025	0.522025
-3.2551	0.524305	0.524305	0.524305
-3.2541	0.526606	0.526606	0.526606
-3.2531	0.528926	0.528926	0.528926
-3.2521	0.531267	0.531267	0.531267
-3.2511	0.533629	0.533629	0.533629
-3.2501	0.536011	0.536011	0.536011
-3.2491	0.538415	0.538415	0.538415
-3.2481	0.54084	0.54084	0.54084
-3.2471	0.543286	0.543286	0.543286
-3.2461	0.545755	0.545755	0.545755
-3.2451	0.548245	0.548245	0.548245
-3.2441	0.550758	0.550758	0.550758
-3.2431	0.553294	0.553294	0.553294
-3.2421	0.555853	0.555853	0.555853
-3.2411	0.558435	0.558435	0.558435
-3.2401	0.56104	0.56104	0.56104
-3.2391	0.56367	0.56367	0.56367
-3.2381	0.566324	0.566324	0.566324
-3.2371	0.569002	0.569002	0.569002
-3.2361	0.571705	0.571705	0.571705
-3.2351	0.574433	0.574433	0.574433
-3.2341	0.577186	0.577186	0.577186
-3.2331	0.579965	0.579965	0.579965
-3.2321	0.582771	0.582771	0.582771
-3.2311	0.585602	0.585602	0.585602
-3.2301	0.588461	0.588461	0.588461
-3.2291	0.591346	0.591346	0.591346
-3.2281	0.59426	0.59426	0.59426
-3.2271	0.597201	0.597201	0.597201
-3.2261	0.60017	0.60017	0.60017
-3.2251	0.603168	0.603168	0.603168
-3.2241	0.606194	0.606194	0.606194
-3.2231	0.609251	0.609251	0.609251
-3.2221	0.612337	0.612337	0.612337
-3.2211	0.615453	0.615453	0.615453
-3.2201	0.618599	0.618599	0.6186
-3.2191	0.621777	0.621777	0.621777
-3.2181	0.624986	0.624986	0.624986
-3.2171	0.628228	0.628228	0.628228
-3.2161	0.631501	0.631501	0.631501
-3.2151	0.634807	0.634807	0.634807
-3.2141	0.638147	0.638147	0.638147
-3.2131	0.64152	0.64152	0.64152
-3.2121	0.644927	0.644927	0.644927
-3.2111	0.648369	0.648369	0.648369
-3.2101	0.651846	0.651846	0.651846
-3.2091	0.655359	0.655359	0.655359
-3.2081	0.658908	0.658908	0.658908
-3.2071	0.662494	0.662494	0.662494
-3.2061	0.666117	0.666117	0.666117
-3.2051	0.669777	0.669777	0.669777
-3.2041	0.673477	0.673477	0.673477
-3.2031	0.677215	0.677215	0.677215
-3.2021	0.680992	0.680992	0.680992
-3.2011	0.68481	0.68481	0.68481
-3.2001	0.688668	0.688668	0.688668
-3.1991	0.692568	0.692568	0.692568
-3.1981	0.69651	0.69651	0.69651
-3.1971	0.700494	0.700494	0.700494
-3.1961	0.704521	0.704521	0.704521
-3.1951	0.708593	0.708593	0.708593
-3.1941	0.712709	0.712709	0.712709
-3.1931	0.71687	0.71687	0.71687
-3.1921	0.721077	0.721077	0.721077
-3.1911	0.725331	0.725331	0.725331
-3.1901	0.729633	0.729633	0.729633
-3.1891	0.733983	0.733983	0.733983
-3.1881	0.738381	0.738381	0.738381
-3.1871	0.74283	0.74283	0.74283
-3.1861	0.747329	0.747329	0.747329
-3.1851	0.751879	0.751879	0.751879
-3.1841	0.756482	0.756482	0.756482
-3.1831	0.761138	0.761138	0.761138
-3.1821	0.765848	0.765848	0.765848
-3.1811	0.770612	0.770612	0.770612
-3.1801	0.775433	0.775433	0.775433
-3.1791	0.78031	0.78031	0.78031
-3.1781	0.785245	0.785245	0.785245
-3.1771	0.790239	0.790239	0.790239
-3.1761	0.795292	0.795292	0.795292
-3.1751	0.800406	0.800406	0.800406
-3.1741	0.805582	0.805582	0.805582
-3.1731	0.81082	0.81082	0.81082
-3.1721	0.816123	0.816123	0.816123
-3.1711	0.82149	0.82149	0.82149
-3.1701	0.826924	0.826924	0.826924
-3.1691	0.832425	0.832425	0.832425
-3.1681	0.837995	0.837995	0.837995
-3.1671	0.843635	0.843635	0.843635
-3.1661	0.849346	0.849346	0.849346
-3.1651	0.855129	0.855129	0.855129
-3.1641	0.860985	0.860985	0.860985
-3.1631	0.866917	0.866917	0.866917
-3.1621	0.872926	0.872926	0.872926
-3.1611	0.879012	0.879012	0.879012
-3.1601	0.885178	0.885178	0.885178
-3.1591	0.891424	0.891424	0.891424
-3.1581	0.897753	0.897753	0.897753
-3.1571	0.904166	0.904166	0.904166
-3.1561	0.910665	0.910665	0.910665
-3.1551	0.91725	0.91725	0.91725
-3.1541	0.923925	0.923925	0.923925
-3.1531	0.930691	0.930691	0.930691
-3.1521	0.937549	0.937549	0.937549
-3.1511	0.944501	0.944501	0.944501
-3.1501	0.95155	0.95155	0.95155
-3.1491	0.958697	0.958697	0.958697
-3.1481	0.965944	0.965944	0.965944
-3.1471	0.973293	0.973293	0.973293
-3.1461	0.980746	0.980746	0.980746
-3.1451	0.988307	0.988307	0.988307
-3.1441	0.995975	0.995975	0.995975
-3.1431	1.00376	1.00376	1.00376
-3.1421	1.01165	1.01165	1.01165
-3.1411	1.01966	1.01966	1.01966
-3.1401	1.02778	1.02778	1.02778
-3.1391	1.03603	1.03603	1.03603
-3.1381	1.0444	1.0444	1.0444
-3.1371	1.0529	1.0529	1.0529
-3.1361	1.06153	1.06153	1.06153
-3.1351	1.07029	1.07029	1.07029
-3.1341	1.07918	1.07918	1.07918
-3.1331	1.08821	1.08821	1.08821
-3.1321	1.09738	1.09738	1.09738
-3.1311	1.1067	1.1067	1.1067
-3.1301	1.11616	1.11616	1.11616
-3.1291	1.12578	1.12578	1.12578
-3.1281	1.13555	1.13555	1.13555
-3.1271	1.14547	1.14547	1.14547
-3.1261	1.15556	1.15556	1.15556
-3.1251	1.16582	1.16582	1.16582
-3.1241	1.17624	1.17624	1.17624
-3.1231	1.18684	1.18684	1.18684
-3.1221	1.19762	1.19762	1.19762
-3.1211	1.20858	1.20858	1.20858
-3.1201	1.21973	1.21973	1.21973
-3.1191	1.23107	1.23107	1.23107
-3.1181	1.2426	1.2426	1.2426
-3.1171	1.25434	1.25434	1.25434
-3.1161	1.26629	1.26629	1.26629
-3.1151	1.27844	1.27844	1.27844
-3.1141	1.29082	1.29082	1.29082
-3.1131	1.30342	1.30342	1.30342
-3.1121	1.31625	1.31625	1.31625
-3.1111	1.32931	1.32931	1.32931
-3.1101	1.34262	1.34262	1.34262
-3.1091	1.35618	1.35618	1.35618
-3.1081	1.37	1.37	1.37
-3.1071	1.38407	1.38407	1.38407
-3.1061	1.39842	1.39842	1.39842
-3.1051	1.41305	1.41305	1.41305
-3.1041	1.42796	1.42796	1.42796
-3.1031	1.44317	1.44317	1.44317
-3.1021	1.45868	1.45868	1.45868
-3.1011	1.47451	1.47451	1.47451
-3.1001	1.49066	1.49066	1.49066
-3.0991	1.50714	1.50714	1.50714
-3.0981	1.52396	1.52396	1.52396
-3.0971	1.54113	1.54113	1.54113
-3.0961	1.55867	1.55867	1.55867
-3.0951	1.57658	1.57658	1.57658
-3.0941	1.59488	1.59488	1.59488
-3.0931	1.61358	1.61358	1.61358
-3.0921	1.63269	1.63269	1.63269
-3.0911	1.65223	1.65223	1.65223
-3.0901	1.67221	1.67221	1.67221
-3.0891	1.69264	1.69264	1.69264
-3.0881	1.71355	1.71355	1.71355
-3.0871	1.73494	1.73494	1.73494
-3.0861	1.75684	1.75684	1.75684
-3.0851	1.77925	1.77925	1.77925
-3.0841	1.80221	1.80221	1.80221
-3.0831	1.82573	1.82573	1.82573
-3.0821	1.84983	1.84983	1.84983
-3.0811	1.87453	1.87453	1.87453
-3.0801	1.89985	1.89985	1.89985
-3.0791	1.92583	1.92583	1.92583
-3.0781	1.95247	1.95247	1.95247
-3.0771	1.97982	1.97982	1.97982
-3.0761	2.00789	2.00789	2.00789
-3.0751	2.03672	2.03672	2.03672
-3.0741	2.06634	2.06634	2.06634
-3.0731	2.09677	2.09677	2.09677
-3.0721	2.12806	2.12806	2.12806
-3.0711	2.16023	2.16023	2.16023
-3.0701	2.19333	2.19333	2.19333
-3.0691	2.2274	2.2274	2.2274
-3.0681	2.26248	2.26248	2.26248
-3.0671	2.29862	2.29862	2.29862
-3.0661	2.33586	2.33586	2.33586
-3.0651	2.37425	2.37425	2.37425
-3.0641	2.41385	2.41385	2.41385
-3.0631	2.45471	2.45471	2.45471
-3.0621	2.49691	2.49691	2.49691
-3.0611	2.54049	2.54049	2.54049
-3.0601	2.58553	2.58553	2.58553
-3.0591	2.63211	2.63211	2.63211
-3.0581	2.68031	2.68031	2.68031
-3.0571	2.7302	2.7302	2.7302
-3.0561	2.78189	2.78189	2.78189
-3.0551	2.83546	2.83546	2.83546
-3.0541	2.89103	2.89103	2.89103
-3.0531	2.9487	2.9487	2.9487
-3.0521	3.00859	3.00859	3.00859
-3.0511	3.07085	3.07085	3.07085
-3.0501	3.1356	3.1356	3.1356
-3.0491	3.20301	3.20301	3.20301
-3.0481	3.27323	3.27323	3.27323
-3.0471	3.34644	3.34644	3.34644
-3.0461	3.42285	3.42285	3.42285
-3.0451	3.50266	3.50266	3.50266
-3.0441	3.58611	3.58611	3.58611
-3.0431	3.67344	3.67344	3.67344
-3.0421	3.76494	3.76494	3.76494
-3.0411	3.86091	3.86091	3.86091
-3.0401	3.96168	3.96168	3.96168
-3.0391	4.06762	4.06762	4.06762
-3.0381	4.17915	4.17915	4.17915
-3.0371	4.2967	4.2967	4.2967
-3.0361	4.42079	4.42079	4.42079
-3.0351	4.55196	4.55196	4.55196
-3.0341	4.69085	4.69085	4.69085
-3.0331	4.83815	4.83815	4.83815
-3.0321	4.99465	4.99465	4.99465
-3.0311	5.16124	5.16124	5.16124
-3.0301	5.33892	5.33892	5.33892
-3.0291	5.52884	5.52884	5.52884
-3.0281	5.7323	5.7323	5.7323
-3.0271	5.9508	5.9508	5.9508
-3.0261	6.18607	6.18607	6.18607
-3.0251	6.44012	6.44012	6.44012
-3.0241	6.71528	6.71528	6.71528
-3.0231	7.01429	7.01429	7.01429
-3.0221	7.34039	7.34039	7.34039
-3.0211	7.69744	7.69744	7.69744
-3.0201	8.09005	8.09005	8.09005
-3.0191	8.52382	8.52382	8.52382
-3.0181	9.00555	9.00555	9.00555
-3.0171	9.54366	9.54366	9.54366
-3.0161	10.1487	10.1487	10.1487
-3.0151	10.8339	10.8339	10.8339
-3.0141	11.6163	11.6163	11.6163
-3.0131	12.5182	12.5182	12.5182
-3.0121	13.5693	13.5693	13.5693
-3.0111	14.8099	14.8099	14.8099
-3.0101	16.2961	16.2961	16.2961
-3.001	166.458	166.458	166.458
-2.991	-18.7313	-18.7313	-18.7313
-2.981	-8.98868	-8.98868	-8.98868
-2.971	-5.96788	-5.96788	-5.96788
-2.961	-4.49834	-4.49834	-4.49834
-2.951	-3.63037	-3.63037	-3.63037
-2.941	-3.05813	-3.05813	-3.05813
-2.931	-2.65309	-2.65309	-2.65309
-2.921	-2.35179	-2.35179	-2.35179
-2.911	-2.1193	-2.1193	-2.1193
-2.901	-1.9348	-1.9348	-1.9348
-2.891	-1.78511	-1.78511	-1.78511
-2.881	-1.6615	-1.6615	-1.6615
-2.871	-1.55793	-1.55793	-1.55793
-2.861	-1.4701	-1.4701	-1.4701
-2.851	-1.39488	-1.39488	-1.39488
-2.841	-1.32991	-1.32991	-1.32991
-2.831	-1.2734	-1.2734	-1.2734
-2.821	-1.22397	-1.22397	-1.22397
-2.811	-1.18052	-1.18052	-1.18052
-2.801	-1.14218	-1.14218	-1.14218
-2.791	-1.10825	-1.10825	-1.10825
-2.781	-1.07814	-1.07814	-1.07814
-2.771	-1.0514	-1.0514	-1.0514
-2.761	-1.02762	-1.02762	-1.02762
-2.751	-1.00648	-1.00648	-1.00648
-2.741	-0.987705	-0.987705	-0.987705
-2.731	-0.971067	-0.971067	-0.971067
-2.721	-0.956365	-0.956365	-0.956365
-2.711	-0.943434	-0.943434	-0.943434
-2.701	-0.932129	-0.932129	-0.932129
-2.691	-0.922327	-0.922327	-0.922327
-2.681	-0.913924	-0.913924	-0.913924
-2.671	-0.90683	-0.90683	-0.90683
-2.661	-0.900966	-0.900966	-0.900966
-2.651	-0.896268	-0.896268	-0.896268
-2.641	-0.89268	-0.89268	-0.89268
-2.631	-0.890153	-0.890153	-0.890153
-2.621	-0.88865	-0.88865	-0.88865
-2.611	-0.888137	-0.888137	-0.888137
-2.601	-0.888588	-0.888588	-0.888588
-2.591	-0.889984	-0.889984	-0.889985
-2.581	-0.892311	-0.892311	-0.892311
-2.571	-0.895558	-0.895558	-0.895558
-2.561	-0.899721	-0.899721	-0.899721
-2.551	-0.9048	-0.9048	-0.9048
-2.541	-0.910801	-0.910801	-0.910801
-2.531	-0.917732	-0.917732	-0.917732
-2.521	-0.925608	-0.925608	-0.925608
-2.511	-0.934446	-0.934446	-0.934446
-2.501	-0.944271	-0.944271	-0.944271
-2.491	-0.95511	-0.95511	-0.95511
-2.481	-0.966996	-0.966996	-0.966996
-2.471	-0.979968	-0.979968	-0.979968
-2.461	-0.994069	-0.994069	-0.994069
-2.451	-1.00935	-1.00935	-1.00935
-2.441	-1.02587	-1.02587	-1.02587
-2.431	-1.04369	-1.04369	-1.04369
-2.421	-1.06288	-1.06288	-1.06288
-2.411	-1.08353	-1.08353	-1.08353
-2.401	-1.10572	-1.10572	-1.10572
-2.391	-1.12956	-1.12956	-1.12956
-2.381	-1.15516	-1.15516	-1.15516
-2.371	-1.18264	-1.18264	-1.18264
-2.361	-1.21215	-1.21215	-1.21215
-2.351	-1.24384	-1.24384	-1.24384
-2.341	-1.27791	-1.27791	-1.27791
-2.331	-1.31455	-1.31455	-1.31455
-2.321	-1.35398	-1.35398	-1.35398
-2.311	-1.39648	-1.39648	-1.39648
-2.301	-1.44233	-1.44233	-1.44233
-2.291	-1.49187	-1.49187	-1.49187
-2.281	-1.54548	-1.54548	-1.54548
-2.271	-1.60362	-1.60362	-1.60362
-2.261	-1.6668	-1.6668	-1.6668
-2.251	-1.7356	-1.7356	-1.7356
-2.241	-1.81073	-1.81073	-1.81073
-2.231	-1.893	-1.893	-1.893
-2.221	-1.98338	-1.98338	-1.98338
-2.211	-2.08302	-2.08302	-2.08302
-2.201	-2.19331	-2.19331	-2.19331
-2.001	-499.54	-499.54	-499.54
-1.991	56.0254	56.0254	56.0254
-1.981	26.7952	26.7952	26.7952
-1.971	17.7306	17.7306	17.7306
-1.961	13.3196	13.3196	13.3196
-1.951	10.7132	10.7132	10.7132
-1.941	8.99397	8.99397	8.99397
-1.931	7.77621	7.77621	7.77621
-1.921	6.86957	6.86957	6.86957
-1.911	6.16927	6.16927	6.16927
-1.901	5.61284	5.61284	5.61284
-1.891	5.16076	5.16076	5.16076
-1.881	4.78678	4.78678	4.78678
-1.871	4.47281	4.47281	4.47281
-1.861	4.20595	4.20595	4.20595
-1.851	3.97679	3.97679	3.97679
-1.841	3.77827	3.77827	3.77827
-1.831	3.605	3.605	3.605
-1.821	3.45283	3.45283	3.45283
-1.811	3.31845	3.31845	3.31845
-1.801	3.19926	3.19926	3.19926
-1.791	3.09312	3.09312	3.09312
-1.781	2.99831	2.99831	2.99831
-1.771	2.91342	2.91342	2.91342
-1.761	2.83725	2.83725	2.83725
-1.751	2.76882	2.76882	2.76882
-1.741	2.7073	2.7073	2.7073
-1.731	2.65198	2.65198	2.65198
-1.721	2.60227	2.60227	2.60227
-1.711	2.55765	2.55765	2.55765
-1.701	2.51768	2.51768	2.51768
-1.691	2.48198	2.48198	2.48198
-1.681	2.45023	2.45023	2.45023
-1.671	2.42214	2.42214	2.42214
-1.661	2.39747	2.39747	2.39747
-1.651	2.37601	2.37601	2.37601
-1.641	2.35757	2.35757	2.35757
-1.631	2.34199	2.34199	2.34199
-1.621	2.32915	2.32915	2.32915
-1.611	2.31893	2.31893	2.31893
-1.601	2.31122	2.31122	2.31122
-1.591	2.30595	2.30595	2.30595
-1.581	2.30305	2.30305	2.30305
-1.571	2.30248	2.30248	2.30248
-1.561	2.30418	2.30418	2.30418
-1.551	2.30815	2.30815	2.30815
-1.541	2.31434	2.31434	2.31434
-1.531	2.32278	2.32278	2.32278
-1.521	2.33346	2.33346	2.33346
-1.511	2.34639	2.34639	2.34639
-1.501	2.36162	2.36162	2.36162
-1.491	2.37918	2.37918	2.37918
-1.481	2.39912	2.39912	2.39912
-1.471	2.4215	2.4215	2.4215
-1.461	2.4464	2.4464	2.4464
-1.451	2.47392	2.47392	2.47392
-1.441	2.50415	2.50415	2.50415
-1.431	2.53721	2.53721	2.53721
-1.421	2.57324	2.57324	2.57324
-1.411	2.61239	2.61239	2.61239
-1.401	2.65484	2.65484	2.65484
-1.391	2.70078	2.70078	2.70078
-1.381	2.75042	2.75042	2.75042
-1.371	2.80403	2.80403	2.80403
-1.361	2.86188	2.86188	2.86188
-1.351	2.92428	2.92428	2.92428
-1.341	2.99159	2.99159	2.99159
-1.331	3.06421	3.06421	3.06421
-1.321	3.14259	3.14259	3.14259
-1.311	3.22726	3.22726	3.22726
-1.301	3.31879	3.31879	3.31879
-1.291	3.41786	3.41786	3.41786
-1.281	3.52525	3.52525	3.52525
-1.271	3.64183	3.64183	3.64183
-1.261	3.76862	3.76862	3.76863
-1.251	3.90683	3.90683	3.90683
-1.241	4.05784	4.05784	4.05784
-1.231	4.22328	4.22328	4.22328
-1.221	4.40509	4.40509	4.40509
-1.211	4.60557	4.60557	4.60557
-1.201	4.82747	4.82747	4.82747
-1.191	5.07413	5.07413	5.07413
-1.181	5.34965	5.34965	5.34965
-1.171	5.65906	5.65906	5.65906
-1.161	6.00865	6.00865	6.00865
-1.151	6.40639	6.40639	6.40639
-1.141	6.8625	6.8625	6.8625
-1.131	7.39035	7.39035	7.39035
-1.121	8.00769	8.00769	8.00769
-1.111	8.73871	8.73871	8.73871
-1.101	9.61715	9.61715	9.61715
-1.001	999.579	999.579	999.579
-0.901	-10.67	-10.67	-10.67
-0.801	-5.76186	-5.76186	-5.76186
-0.701	-4.28257	-4.28257	-4.28257
-0.601	-3.70026	-3.70026	-3.70026
-0.501	-3.54479	-3.54479	-3.54479
-0.401	-3.71943	-3.71943	-3.71943
-0.301	-4.31775	-4.31775	-4.31775
-0.201	-5.79779	-5.79779	-5.79779
-0.101	-10.5885	-10.5885	-10.5885
0.001	999.424	999.424	999.424
0.101	9.41533	9.41533	9.41533
0.201	4.56669	4.56669	4.56669
0.301	2.98113	2.98113	2.98113
0.401	2.21249	2.21249	2.21249
0.501	1.76898	1.76898	1.76898
0.601	1.4869	1.4869	1.4869
0.701	1.29647	1.29647	1.29647
0.801	1.16311	1.16311	1.16311
0.901	1.06782	1.06782	1.06782
1.001	0.999424	0.999424	0.999424
1.101	0.950948	0.950948	0.950948
1.201	0.917904	0.917904	0.917904
1.301	0.897319	0.897319	0.897319
1.401	0.88721	0.88721	0.88721
1.501	0.88626	0.88626	0.88626
1.601	0.893628	0.893628	0.893628
1.701	0.908829	0.908829	0.908829
1.801	0.93165	0.93165	0.93165
1.901	0.962109	0.962109	0.962109
2.001	1.00042	1.00042	1.00042
2.101	1.04699	1.04699	1.04699
2.201	1.1024	1.1024	1.1024
2.301	1.16741	1.16741	1.16741
2.401	1.24298	1.24298	1.24298
2.501	1.33028	1.33028	1.33028
2.601	1.4307	1.4307	1.4307
2.701	1.54592	1.54592	1.54592
2.801	1.6779	1.6779	1.6779
2.901	1.82897	1.82897	1.82897
3.001	2.00185	2.00185	2.00185
3.101	2.19973	2.19973	2.19973
3.201	2.42639	2.42639	2.42639
3.301	2.68622	2.68622	2.68622
3.401	2.9844	2.9844	2.9844
3.501	3.32702	3.32702	3.32702
3.601	3.72125	3.72125	3.72125
3.701	4.17552	4.17552	4.17552
3.801	4.6998	4.6998	4.6998
3.901	5.30584	5.30584	5.30584
4.001	6.00754	6.00754	6.00754
4.101	6.82138	6.82138	6.82138
4.201	7.76687	7.76687	7.76687
4.301	8.8672	8.8672	8.8672
4.401	10.1499	10.1499	10.1499
4.501	11.6479	11.6479	11.6479
4.601	13.4002	13.4002	13.4002
4.701	15.4536	15.4536	15.4536
4.801	17.8639	17.8639	17.8639
4.901	20.6981	20.6981	20.6981
