x	interp	deriv	integ
0	1	-0.005	0
0.01	0.99995	-0.015	0.00999975
0.02	0.9998	-0.025	0.0199985
0.03	0.99955	-0.035	0.0299953
0.04	0.9992	-0.045	0.039989
0.05	0.99875	-0.0549	0.0499788
0.06	0.998201	-0.065	0.0599635
0.07	0.997551	-0.0749	0.0699423
0.08	0.996802	-0.0849	0.079914
0.09	0.995953	-0.0949	0.0898778
0.1	0.995004	-0.0949	0.0998326
0.11	0.993956	-0.1048	0.109777
0.12	0.992809	-0.1147	0.119711
0.13	0.991562	-0.1247	0.129633
0.14	0.990216	-0.1346	0.139542
0.15	0.988771	-0.1544	0.149437
0.16	0.987227	-0.1642	0.159317
0.17	0.985585	-0.1741	0.169181
0.18	0.983844	-0.184	0.179028
0.19	0.982004	-0.1937	0.188857
0.2	0.980067	-0.2036	0.198668
0.21	0.978031	-0.2134	0.208458
0.22	0.975897	-0.2231	0.218228
0.23	0.973666	-0.2328	0.227976
0.24	0.971338	-0.2426	0.237701
0.25	0.968912	-0.2522	0.247402
0.26	0.96639	-0.2619	0.257078
0.27	0.963771	-0.2716	0.266729
0.28	0.961055	-0.2811	0.276353
0.29	0.958244	-0.2908	0.28595
0.3	0.955336	-0.3002	0.295518
0.31	0.952334	-0.3099	0.305056
0.32	0.949235	-0.3193	0.314564
0.33	0.946042	-0.3287	0.32404
0.34	0.942755	-0.3382	0.333484
0.35	0.939373	-0.3476	0.342895
0.36	0.935897	-0.357	0.352271
0.37	0.932327	-0.3662	0.361612
0.38	0.928665	-0.3756	0.370917
0.39	0.924909	-0.3848	0.380185
0.4	0.921061	-0.394	0.389415
0.41	0.917121	-0.4032	0.398606
0.42	0.913089	-0.4123	0.407757
0.43	0.908966	-0.4214	0.416867
0.44	0.904752	-0.4305	0.425936
0.45	0.900447	-0.4395	0.434962
0.46	0.896052	-0.4484	0.443944
0.47	0.891568	-0.4573	0.452883
0.48	0.886995	-0.4662	0.461775
0.49	0.882333	-0.475	0.470622
0.5	0.877583	-0.4838	0.479422
0.51	0.872745	-0.4926	0.488173
0.52	0.867819	-0.5012	0.496876
0.53	0.862807	-0.5098	0.505529
0.54	0.857709	-0.5184	0.514132
0.55	0.852525	-0.527	0.522683
0.56	0.847255	-0.5354	0.531182
0.57	0.841901	-0.5438	0.539628
0.58	0.836463	-0.5522	0.548019
0.59	0.830941	-0.5605	0.556356
0.6	0.825336	-0.5688	0.564638
0.61	0.819648	-0.577	0.572863
0.62	0.813878	-0.585	0.58103
0.63	0.808028	-0.5932	0.58914
0.64	0.802096	-0.6012	0.59719
0.65	0.796084	-0.6092	0.605181
0.66	0.789992	-0.617	0.613112
0.67	0.783822	-0.6249	0.620981
0.68	0.777573	-0.6327	0.628788
0.69	0.771246	-0.6404	0.636532
0.7	0.764842	-0.648	0.644212
0.71	0.758362	-0.6556	0.651828
0.72	0.751806	-0.6632	0.659379
0.73	0.745174	-0.6705	0.666864
0.74	0.738469	-0.678	0.674282
0.75	0.731689	-0.6853	0.681633
0.76	0.724836	-0.6925	0.688916
0.77	0.717911	-0.6997	0.696129
0.78	0.710914	-0.7069	0.703274
0.79	0.703845	-0.7138	0.710347
0.8	0.696707	-0.7209	0.71735
0.81	0.689498	-0.7277	0.724281
0.82	0.682221	-0.7345	0.73114
0.83	0.674876	-0.7413	0.737925
0.84	0.667463	-0.748	0.744637
0.85	0.659983	-0.7546	0.751274
0.86	0.652437	-0.761	0.757836
0.87	0.644827	-0.7676	0.764323
0.88	0.637151	-0.7739	0.770732
0.89	0.629412	-0.7802	0.777065
0.9	0.62161	-0.7864	0.78332
0.91	0.613746	-0.7926	0.789497
0.92	0.60582	-0.7986	0.795595
0.93	0.597834	-0.8046	0.801613
0.94	0.589788	-0.8105	0.807551
0.95	0.581683	-0.8163	0.813409
0.96	0.57352	-0.822	0.819185
0.97	0.5653	-0.8277	0.824879
0.98	0.557023	-0.8333	0.83049
0.99	0.54869	-0.8388	0.836019
1	0.540302	-0.8441	0.841464
1.01	0.531861	-0.8495	0.846825
1.02	0.523366	-0.8547	0.852101
1.03	0.514819	-0.8599	0.857292
1.04	0.50622	-0.8649	0.862397
1.05	0.497571	-0.8699	0.867416
1.06	0.488872	-0.8748	0.872348
1.07	0.480124	-0.8796	0.877193
1.08	0.471328	-0.8843	0.881951
1.09	0.462485	-0.8889	0.88662
1.1	0.453596	-0.8934	0.8912
1.11	0.444662	-0.898	0.895691
1.12	0.435682	-0.9022	0.900093
1.13	0.42666	-0.9065	0.904405
1.14	0.417595	-0.9108	0.908626
1.15	0.408487	-0.9147	0.912756
1.16	0.39934	-0.9188	0.916796
1.17	0.390152	-0.9227	0.920743
1.18	0.380925	-0.9265	0.924598
1.19	0.37166	-0.9302	0.928361
1.2	0.362358	-0.9339	0.932031
1.21	0.353019	-0.9373	0.935608
1.22	0.343646	-0.9408	0.939092
1.23	0.334238	-0.9442	0.942481
1.24	0.324796	-0.9474	0.945776
1.25	0.315322	-0.9505	0.948977
1.26	0.305817	-0.9536	0.952082
1.27	0.296281	-0.9566	0.955093
1.28	0.286715	-0.9594	0.958008
1.29	0.277121	-0.9622	0.960827
1.3	0.267499	-0.9649	0.96355
1.31	0.25785	-0.9675	0.966177
1.32	0.248175	-0.9699	0.968707
1.33	0.238476	-0.9723	0.97114
1.34	0.228753	-0.9746	0.973476
1.35	0.219007	-0.9768	0.975715
1.36	0.209239	-0.9789	0.977857
1.37	0.19945	-0.9809	0.9799
1.38	0.189641	-0.9828	0.981845
1.39	0.179813	-0.9846	0.983693
1.4	0.169967	-0.9863	0.985442
1.41	0.160104	-0.9879	0.987092
1.42	0.150225	-0.9893	0.988644
1.43	0.140332	-0.9908	0.990096
1.44	0.130424	-0.9921	0.99145
1.45	0.120503	-0.9933	0.992705
1.46	0.11057	-0.9944	0.99386
1.47	0.100626	-0.99544	0.994916
1.48	0.0906716	-0.99632	0.995873
1.49	0.0807084	-0.99712	0.99673
1.5	0.0707372	-0.99783	0.997487
1.51	0.0607589	-0.99844	0.998144
1.52	0.0507745	-0.99895	0.998702
1.53	0.040785	-0.99935	0.99916
1.54	0.0307915	-0.99967	0.999518
1.55	0.0207948	-0.99987	0.999775
1.56	0.0107961	-0.999977	0.999933
1.57	0.000796327	-0.999987	0.999991
1.58	-0.00920354	-0.999896	0.999949
1.59	-0.0192025	-0.9997	0.999807
1.6	-0.0291995	-0.99941	0.999565
1.61	-0.0391936	-0.99902	0.999223
1.62	-0.0491838	-0.99853	0.998781
1.63	-0.0591691	-0.99793	0.99824
1.64	-0.0691484	-0.99725	0.997598
1.65	-0.0791209	-0.99645	0.996857
1.66	-0.0890854	-0.99556	0.996016
1.67	-0.099041	-0.9946	0.995075
1.68	-0.108987	-0.9935	0.994035
1.69	-0.118922	-0.9922	0.992895
1.7	-0.128844	-0.9911	0.991657
1.71	-0.138755	-0.9896	0.990319
1.72	-0.148651	-0.9881	0.988882
1.73	-0.158532	-0.9865	0.987346
1.74	-0.168397	-0.9849	0.985711
1.75	-0.178246	-0.9831	0.983978
1.76	-0.188077	-0.9812	0.982146
1.77	-0.197889	-0.9792	0.980216
1.78	-0.207681	-0.9771	0.978189
1.79	-0.217452	-0.975	0.976063
1.8	-0.227202	-0.9727	0.97384
1.81	-0.236929	-0.9703	0.971519
1.82	-0.246632	-0.9679	0.969101
1.83	-0.256311	-0.9653	0.966586
1.84	-0.265964	-0.9626	0.963975
1.85	-0.27559	-0.9599	0.961267
1.86	-0.285189	-0.957	0.958463
1.87	-0.294759	-0.9541	0.955564
1.88	-0.3043	-0.9511	0.952568
1.89	-0.313811	-0.9479	0.949478
1.9	-0.32329	-0.9446	0.946292
1.91	-0.332736	-0.9414	0.943012
1.92	-0.34215	-0.9379	0.939638
1.93	-0.351529	-0.9344	0.936169
1.94	-0.360873	-0.9308	0.932607
1.95	-0.370181	-0.9271	0.928952
1.96	-0.379452	-0.9233	0.925204
1.97	-0.388685	-0.9194	0.921363
1.98	-0.397879	-0.9154	0.91743
1.99	-0.407033	-0.9114	0.913406
2	-0.416147	-0.9072	0.90929
2.01	-0.425219	-0.9029	0.905083
2.02	-0.434248	-0.8986	0.900786
2.03	-0.443234	-0.8942	0.896398
2.04	-0.452176	-0.8897	0.891921
2.05	-0.461073	-0.885	0.887355
2.06	-0.469923	-0.8804	0.8827
2.07	-0.478727	-0.8755	0.877957
2.08	-0.487482	-0.8755	0.873126
2.09	-0.496189	-0.8707	0.868207
2.1	-0.504846	-0.8657	0.863202
2.11	-0.513453	-0.8607	0.858111
2.12	-0.522008	-0.8555	0.852933
2.13	-0.530511	-0.8503	0.847671
2.14	-0.538961	-0.845	0.842323
2.15	-0.547358	-0.8397	0.836892
2.16	-0.555699	-0.8341	0.831377
2.17	-0.563985	-0.8286	0.825778
2.18	-0.572215	-0.823	0.820097
2.19	-0.580387	-0.8172	0.814334
2.2	-0.588501	-0.8114	0.80849
2.21	-0.596557	-0.8056	0.802564
2.22	-0.604552	-0.7995	0.796559
2.23	-0.612488	-0.7936	0.790474
2.24	-0.620362	-0.7874	0.784309
2.25	-0.628174	-0.7812	0.778067
2.26	-0.635923	-0.7749	0.771746
2.27	-0.643608	-0.7685	0.765349
2.28	-0.65123	-0.7622	0.758874
2.29	-0.658786	-0.7556	0.752324
2.3	-0.666276	-0.749	0.745699
2.31	-0.6737	-0.7424	0.738999
2.32	-0.681056	-0.7356	0.732225
2.33	-0.688344	-0.7288	0.725378
2.34	-0.695563	-0.7219	0.718459
2.35	-0.702713	-0.715	0.711467
2.36	-0.709793	-0.708	0.704405
2.37	-0.716801	-0.7008	0.697272
2.38	-0.723738	-0.6937	0.690069
2.39	-0.730602	-0.6864	0.682798
2.4	-0.737394	-0.6792	0.675458
2.41	-0.744111	-0.6717	0.66805
2.42	-0.750755	-0.6644	0.660576
2.43	-0.757323	-0.6568	0.653035
2.44	-0.763815	-0.6492	0.64543
2.45	-0.770231	-0.6416	0.637759
2.46	-0.77657	-0.6339	0.630025
2.47	-0.782832	-0.6262	0.622228
2.48	-0.789015	-0.6183	0.614369
2.49	-0.795119	-0.6104	0.606449
2.5	-0.801144	-0.6025	0.598467
2.51	-0.807088	-0.5944	0.590426
2.52	-0.812952	-0.5864	0.582326
2.53	-0.818735	-0.5783	0.574167
2.54	-0.824435	-0.57	0.565952
2.55	-0.830054	-0.5619	0.557679
2.56	-0.835589	-0.5535	0.549351
2.57	-0.84104	-0.5451	0.540968
2.58	-0.846408	-0.5368	0.53253
2.59	-0.851691	-0.5283	0.52404
2.6	-0.856889	-0.5198	0.515497
2.61	-0.862001	-0.5112	0.506903
2.62	-0.867027	-0.5026	0.498258
2.63	-0.871966	-0.4939	0.489563
2.64	-0.876818	-0.4852	0.480819
2.65	-0.881582	-0.4764	0.472027
2.66	-0.886258	-0.4676	0.463187
2.67	-0.890846	-0.4588	0.454302
2.68	-0.895344	-0.4498	0.445371
2.69	-0.899753	-0.4409	0.436395
2.7	-0.904072	-0.4319	0.427376
2.71	-0.908301	-0.4229	0.418314
2.72	-0.912438	-0.4137	0.409211
2.73	-0.916485	-0.4047	0.400066
2.74	-0.92044	-0.3955	0.390882
2.75	-0.924302	-0.3862	0.381658
2.76	-0.928073	-0.3771	0.372396
2.77	-0.93175	-0.3677	0.363097
2.78	-0.935335	-0.3585	0.353761
2.79	-0.938825	-0.349	0.344391
2.8	-0.942222	-0.3397	0.334985
2.81	-0.945525	-0.3303	0.325547
2.82	-0.948733	-0.3208	0.316075
2.83	-0.951847	-0.3114	0.306572
2.84	-0.954865	-0.3018	0.297039
2.85	-0.957787	-0.2922	0.287476
2.86	-0.960614	-0.2827	0.277884
2.87	-0.963345	-0.2731	0.268264
2.88	-0.965979	-0.2634	0.258617
2.89	-0.968517	-0.2538	0.248945
2.9	-0.970958	-0.2441	0.239247
2.91	-0.973302	-0.2344	0.229526
2.92	-0.975549	-0.2247	0.219782
2.93	-0.977698	-0.2149	0.210016
2.94	-0.979749	-0.2051	0.200228
2.95	-0.981702	-0.1953	0.190421
2.96	-0.983557	-0.1855	0.180595
2.97	-0.985314	-0.1757	0.17075
2.98	-0.986972	-0.1658	0.160889
2.99	-0.988532	-0.156	0.151011
3	-0.989992	-0.146	0.141119
3.01	-0.991354	-0.1362	0.131212
3.02	-0.992617	-0.1263	0.121292
3.03	-0.99378	-0.1163	0.11136
3.04	-0.994844	-0.1064	0.101417
3.05	-0.995808	-0.0964	0.0914639
3.06	-0.996673	-0.0865	0.0815015
3.07	-0.997438	-0.0765	0.071531
3.08	-0.998104	-0.0666	0.0615532
3.09	-0.998669	-0.0565	0.0515694
3.1	-0.999135	-0.0466	0.0415804
3.11	-0.999501	-0.0366	0.0315872
3.12	-0.999767	-0.0266	0.0215908
3.13	-0.999933	-0.0166	0.0115923
3.14	-0.999999	-0.0066	0.00159268
3.15	-0.999965	0.0034	-0.00840714
3.16	-0.999831	0.0134	-0.0184061
3.17	-0.999597	0.0234	-0.0284033
3.18	-0.999263	0.0334	-0.0383976
3.19	-0.998829	0.0434	-0.048388
3.2	-0.998295	0.0534	-0.0583736
3.21	-0.997661	0.0634	-0.0683534
3.22	-0.996928	0.0733	-0.0783264
3.23	-0.996095	0.0833	-0.0882915
3.24	-0.995162	0.0933	-0.0982478
3.25	-0.99413	0.1032	-0.108194
3.26	-0.992998	0.1132	-0.11813
3.27	-0.991767	0.1231	-0.128054
3.28	-0.990437	0.133	-0.137965
3.29	-0.989008	0.1429	-0.147862
3.3	-0.98748	0.1528	-0.157744
3.31	-0.985853	0.1627	-0.167611
3.32	-0.984128	0.1725	-0.177461
3.33	-0.982304	0.1824	-0.187293
3.34	-0.980382	0.1922	-0.197107
3.35	-0.978362	0.202	-0.2069
3.36	-0.976244	0.2118	-0.216673
3.37	-0.974028	0.2216	-0.226425
3.38	-0.971715	0.2313	-0.236153
3.39	-0.969305	0.241	-0.245858
3.4	-0.966798	0.2507	-0.255539
3.41	-0.964194	0.2604	-0.265194
3.42	-0.961494	0.27	-0.274822
3.43	-0.958698	0.2796	-0.284423
3.44	-0.955806	0.2892	-0.293996
3.45	-0.952818	0.2988	-0.303539
3.46	-0.949735	0.3083	-0.313052
3.47	-0.946557	0.3178	-0.322533
3.48	-0.943285	0.3272	-0.331982
3.49	-0.939918	0.3367	-0.341398
3.5	-0.936457	0.3461	-0.35078
3.51	-0.932902	0.3555	-0.360127
3.52	-0.929254	0.3648	-0.369438
3.53	-0.925513	0.3741	-0.378712
3.54	-0.92168	0.3833	-0.387948
3.55	-0.917755	0.3925	-0.397145
3.56	-0.913737	0.4018	-0.406302
3.57	-0.909629	0.4108	-0.415419
3.58	-0.905429	0.42	-0.424494
3.59	-0.901139	0.429	-0.433527
3.6	-0.896758	0.4381	-0.442517
3.61	-0.892288	0.447	-0.451462
3.62	-0.887729	0.4559	-0.460362
3.63	-0.883081	0.4648	-0.469216
3.64	-0.878345	0.4736	-0.478023
3.65	-0.873521	0.4824	-0.486783
3.66	-0.868609	0.4912	-0.495493
3.67	-0.863611	0.4998	-0.504154
3.68	-0.858526	0.5085	-0.512765
3.69	-0.853356	0.517	-0.521324
3.7	-0.8481	0.5256	-0.529832
3.71	-0.842759	0.5341	-0.538286
3.72	-0.837334	0.5425	-0.546686
3.73	-0.831826	0.5508	-0.555032
3.74	-0.826234	0.5592	-0.563323
3.75	-0.820559	0.5675	-0.571557
3.76	-0.814803	0.5756	-0.579733
3.77	-0.808965	0.5838	-0.587852
3.78	-0.803046	0.5919	-0.595912
3.79	-0.797047	0.5999	-0.603913
3.8	-0.790968	0.6079	-0.611853
3.81	-0.78481	0.6158	-0.619732
3.82	-0.778573	0.6237	-0.627549
3.83	-0.772259	0.6314	-0.635303
3.84	-0.765867	0.6392	-0.642993
3.85	-0.759399	0.6468	-0.65062
3.86	-0.752855	0.6544	-0.658181
3.87	-0.746236	0.6619	-0.665676
3.88	-0.739542	0.6694	-0.673105
3.89	-0.732774	0.6768	-0.680467
3.9	-0.725932	0.6842	-0.68776
3.91	-0.719018	0.6914	-0.694985
3.92	-0.712033	0.6985	-0.70214
3.93	-0.704976	0.7057	-0.709225
3.94	-0.697848	0.7128	-0.71624
3.95	-0.690651	0.7197	-0.723182
3.96	-0.683385	0.7266	-0.730052
3.97	-0.67605	0.7335	-0.736849
3.98	-0.668648	0.7402	-0.743573
3.99	-0.661179	0.7469	-0.750222
4	-0.653644	0.7535	-0.756796
4.01	-0.646043	0.7601	-0.763295
4.02	-0.638378	0.7665	-0.769717
4.03	-0.630649	0.7729	-0.776062
4.04	-0.622857	0.7792	-0.782329
4.05	-0.615002	0.7855	-0.788519
4.06	-0.607087	0.7915	-0.794629
4.07	-0.59911	0.7977	-0.80066
4.08	-0.591073	0.8037	-0.806611
4.09	-0.582978	0.8095	-0.812481
4.1	-0.574824	0.8154	-0.81827
4.11	-0.566613	0.8211	-0.823977
4.12	-0.558345	0.8268	-0.829602
4.13	-0.550021	0.8324	-0.835144
4.14	-0.541642	0.8379	-0.840602
4.15	-0.533209	0.8433	-0.845977
4.16	-0.524722	0.8487	-0.851266
4.17	-0.516184	0.8538	-0.856471
4.18	-0.507593	0.8591	-0.86159
4.19	-0.498952	0.8641	-0.866622
4.2	-0.490261	0.8691	-0.871569
4.21	-0.481521	0.874	-0.876427
4.22	-0.472732	0.8789	-0.881199
4.23	-0.463897	0.8835	-0.885882
4.24	-0.455015	0.8882	-0.890476
4.25	-0.446087	0.8928	-0.894982
4.26	-0.437115	0.8972	-0.899398
4.27	-0.4281	0.9015	-0.903724
4.28	-0.419041	0.9059	-0.90796
4.29	-0.409941	0.91	-0.912105
4.3	-0.400799	0.9142	-0.916158
4.31	-0.391618	0.9181	-0.92012
4.32	-0.382397	0.9221	-0.92399
4.33	-0.373138	0.9259	-0.927768
4.34	-0.363842	0.9296	-0.931453
4.35	-0.354509	0.9333	-0.935045
4.36	-0.345141	0.9368	-0.938543
4.37	-0.335738	0.9403	-0.941947
4.38	-0.326302	0.9436	-0.945258
4.39	-0.316833	0.9469	-0.948473
4.4	-0.307333	0.95	-0.951594
4.41	-0.297802	0.9531	-0.95462
4.42	-0.288241	0.9561	-0.95755
4.43	-0.278651	0.959	-0.960385
4.44	-0.269033	0.9618	-0.963123
4.45	-0.259389	0.9644	-0.965765
4.46	-0.249718	0.9671	-0.968311
4.47	-0.240022	0.9696	-0.970759
4.48	-0.230303	0.9719	-0.973111
4.49	-0.22056	0.9743	-0.975365
4.5	-0.210796	0.9764	-0.977522
4.51	-0.20101	0.9786	-0.979581
4.52	-0.191204	0.9806	-0.981542
4.53	-0.181379	0.9825	-0.983405
4.54	-0.171536	0.9843	-0.98517
4.55	-0.161676	0.986	-0.986836
4.56	-0.1518	0.9876	-0.988403
4.57	-0.141908	0.9892	-0.989872
4.58	-0.132003	0.9905	-0.991241
4.59	-0.122084	0.9919	-0.992512
4.6	-0.112153	0.9931	-0.993683
4.61	-0.10221	0.9943	-0.994755
4.62	-0.0922576	0.99524	-0.995727
4.63	-0.0822958	0.99618	-0.9966
4.64	-0.0723258	0.997	-0.997373
4.65	-0.0623485	0.99773	-0.998046
4.66	-0.052365	0.99835	-0.99862
4.67	-0.0423763	0.99887	-0.999093
4.68	-0.0323833	0.9993	-0.999467
4.69	-0.0223871	0.99962	-0.999741
4.7	-0.0123887	0.99984	-0.999915
4.71	-0.00238898	0.999972	-0.999989
4.72	0.00761095	0.999993	-0.999963
4.73	0.0176101	0.999915	-0.999837
4.74	0.0276075	0.99974	-0.999611
4.75	0.0376022	0.99947	-0.999284
4.76	0.047593	0.99908	-0.998859
4.77	0.0575792	0.99862	-0.998333
4.78	0.0675595	0.99803	-0.997707
4.79	0.0775331	0.99736	-0.996981
4.8	0.087499	0.99659	-0.996156
4.81	0.0974561	0.99571	-0.995232
4.82	0.107403	0.99469	-0.994207
4.83	0.11734	0.9937	-0.993084
4.84	0.127265	0.9925	-0.991861
4.85	0.137177	0.9912	-0.990538
4.86	0.147076	0.9899	-0.989117
4.87	0.156959	0.9883	-0.987597
4.88	0.166827	0.9868	-0.985978
4.89	0.176679	0.9852	-0.98426
4.9	0.186512	0.9833	-0.982444
4.91	0.196327	0.9815	-0.98053
4.92	0.206123	0.9796	-0.978518
4.93	0.215898	0.9775	-0.976408
4.94	0.225651	0.9753	-0.9742
4.95	0.235381	0.973	-0.971895
4.96	0.245089	0.9708	-0.969493
4.97	0.254771	0.9682	-0.966993
4.98	0.264428	0.9657	-0.964397
4.99	0.274059	0.9631	-0.961705
5	0.283662	0.9603	-0.958916
5.01	0.293237	0.9575	-0.956032
5.02	0.302783	0.9546	-0.953052
5.03	0.312298	0.9515	-0.949976
5.04	0.321782	0.9484	-0.946806
5.05	0.331234	0.9452	-0.943541
5.06	0.340653	0.9419	-0.940181
5.07	0.350037	0.9384	-0.936728
5.08	0.359387	0.935	-0.933181
5.09	0.368701	0.9314	-0.92954
5.1	0.377978	0.9277	-0.925807
5.11	0.387217	0.9239	-0.921981
5.12	0.396417	0.92	-0.918063
5.13	0.405578	0.9161	-0.914053
5.14	0.414698	0.912	-0.909951
5.15	0.423777	0.9079	-0.905759
5.16	0.432813	0.9036	-0.901476
5.17	0.441806	0.8993	-0.897103
5.18	0.450755	0.8949	-0.89264
5.19	0.459659	0.8904	-0.888088
5.2	0.468517	0.8858	-0.883447
5.21	0.477328	0.8811	-0.878718
5.22	0.486091	0.8763	-0.873901
5.23	0.494806	0.8715	-0.868997
5.24	0.503471	0.8665	-0.864005
5.25	0.512085	0.8614	-0.858927
5.26	0.520649	0.8564	-0.853764
5.27	0.529161	0.8512	-0.848515
5.28	0.537619	0.8458	-0.843181
5.29	0.546024	0.8405	-0.837763
5.3	0.554374	0.835	-0.832261
5.31	0.562669	0.8295	-0.826675
5.32	0.570908	0.8239	-0.821007
5.33	0.579089	0.8181	-0.815257
5.34	0.587213	0.8124	-0.809426
5.35	0.595278	0.8065	-0.803513
5.36	0.603283	0.8005	-0.797521
5.37	0.611228	0.7945	-0.791448
5.38	0.619112	0.7884	-0.785296
5.39	0.626934	0.7822	-0.779066
5.4	0.634693	0.7759	-0.772758
5.41	0.642389	0.7696	-0.766373
5.42	0.65002	0.7631	-0.759911
5.43	0.657587	0.7567	-0.753373
5.44	0.665088	0.7501	-0.746759
5.45	0.672522	0.7434	-0.740071
5.46	0.679889	0.7367	-0.733309
5.47	0.687188	0.7299	-0.726474
5.48	0.694418	0.723	-0.719566
5.49	0.701579	0.7161	-0.712586
5.5	0.70867	0.7091	-0.705534
5.51	0.71569	0.702	-0.698413
5.52	0.722638	0.6948	-0.691221
5.53	0.729514	0.6876	-0.68396
5.54	0.736317	0.6803	-0.676631
5.55	0.743046	0.6729	-0.669234
5.56	0.749702	0.6656	-0.661771
5.57	0.756282	0.658	-0.654241
5.58	0.762786	0.6504	-0.646645
5.59	0.769215	0.6429	-0.638985
5.6	0.775566	0.6351	-0.631261
5.61	0.78184	0.6274	-0.623474
5.62	0.788035	0.6195	-0.615625
5.63	0.794152	0.6117	-0.607714
5.64	0.800189	0.6037	-0.599742
5.65	0.806147	0.5958	-0.591711
5.66	0.812024	0.5877	-0.58362
5.67	0.817819	0.5795	-0.575471
5.68	0.823533	0.5714	-0.567264
5.69	0.829164	0.5631	-0.559
5.7	0.834713	0.5549	-0.550681
5.71	0.840178	0.5465	-0.542306
5.72	0.845559	0.5381	-0.533878
5.73	0.850855	0.5296	-0.525396
5.74	0.856067	0.5212	-0.516861
5.75	0.861192	0.5125	-0.508275
5.76	0.866232	0.504	-0.499638
5.77	0.871185	0.4953	-0.490951
5.78	0.876051	0.4866	-0.482214
5.79	0.880829	0.4778	-0.47343
5.8	0.88552	0.4691	-0.464598
5.81	0.890121	0.4601	-0.45572
5.82	0.894634	0.4513	-0.446796
5.83	0.899057	0.4423	-0.437828
5.84	0.90339	0.4333	-0.428816
5.85	0.907633	0.4243	-0.41976
5.86	0.911785	0.4152	-0.410663
5.87	0.915846	0.4061	-0.401525
5.88	0.919816	0.397	-0.392347
5.89	0.923693	0.3877	-0.383129
5.9	0.927478	0.3785	-0.373874
5.91	0.931171	0.3693	-0.36458
5.92	0.93477	0.3599	-0.355251
5.93	0.938276	0.3506	-0.345885
5.94	0.941688	0.3412	-0.336486
5.95	0.945005	0.3317	-0.327052
5.96	0.948229	0.3224	-0.317586
5.97	0.951357	0.3128	-0.308088
5.98	0.95439	0.3033	-0.298559
5.99	0.957328	0.2938	-0.289001
6	0.96017	0.2842	-0.279413
6.01	0.962916	0.2746	-0.269798
6.02	0.965566	0.265	-0.260155
6.03	0.968119	0.2553	-0.250487
6.04	0.970576	0.2457	-0.240793
6.05	0.972935	0.2359	-0.231076
6.06	0.975197	0.2262	-0.221335
6.07	0.977362	0.2165	-0.211572
6.08	0.979429	0.2067	-0.201788
6.09	0.981398	0.1969	-0.191984
6.1	0.983268	0.187	-0.182161
6.11	0.985041	0.1773	-0.172319
6.12	0.986715	0.1674	-0.162461
6.13	0.98829	0.1575	-0.152586
6.14	0.989766	0.1476	-0.142695
6.15	0.991144	0.1378	-0.132791
6.16	0.992422	0.1278	-0.122873
6.17	0.993601	0.1179	-0.112943
6.18	0.994681	0.108	-0.103001
6.19	0.995661	0.098	-0.0930497
6.2	0.996542	0.0881	-0.0830887
6.21	0.997323	0.0781	-0.0731194
6.22	0.998004	0.0681	-0.0631428
6.23	0.998586	0.0582	-0.0531598
6.24	0.999068	0.0482	-0.0431715
6.25	0.999449	0.0381	-0.033179
6.26	0.999731	0.0282	-0.0231831
6.27	0.999913	0.0182	-0.0131848
6.28	0.999995	0.0082	-0.0031853
6.29	0.999977	-0.0018	0.00681456
6.3	0.999859	-0.0118	0.0168137
6.31	0.999641	-0.0218	0.0268112
6.32	0.999322	-0.0319	0.0368061
6.33	0.998904	-0.0418	0.0467972
6.34	0.998386	-0.0518	0.0567836
6.35	0.997769	-0.0617	0.0667644
6.36	0.997051	-0.0718	0.0767385
6.37	0.996234	-0.0817	0.0867049
6.38	0.995317	-0.0917	0.0966627
6.39	0.994301	-0.1016	0.106611
6.4	0.993185	-0.1116	0.116548
6.41	0.99197	-0.1215	0.126474
6.42	0.990655	-0.1315	0.136387
6.43	0.989242	-0.1413	0.146287
6.44	0.98773	-0.1512	0.156171
6.45	0.986119	-0.1611	0.166041
6.46	0.984409	-0.171	0.175893
6.47	0.982601	-0.1808	0.185728
6.48	0.980694	-0.1907	0.195545
6.49	0.97869	-0.2004	0.205342
6.5	0.976588	-0.2102	0.215118
6.51	0.974388	-0.22	0.224873
6.52	0.97209	-0.2298	0.234605
6.53	0.969696	-0.2394	0.244314
6.54	0.967204	-0.2492	0.253999
6.55	0.964616	-0.2588	0.263658
6.56	0.961931	-0.2685	0.273291
6.57	0.95915	-0.2781	0.282896
6.58	0.956273	-0.2877	0.292473
6.59	0.9533	-0.2973	0.302021
6.6	0.950233	-0.3067	0.311539
6.61	0.94707	-0.3163	0.321025
6.62	0.943812	-0.3258	0.33048
6.63	0.94046	-0.3352	0.339901
6.64	0.937014	-0.3446	0.349288
6.65	0.933474	-0.354	0.358641
6.66	0.929841	-0.3633	0.367957
6.67	0.926115	-0.3726	0.377237
6.68	0.922297	-0.3818	0.386479
6.69	0.918386	-0.3911	0.395683
6.7	0.914383	-0.4003	0.404847
6.71	0.910289	-0.4094	0.41397
6.72	0.906104	-0.4185	0.423052
6.73	0.901828	-0.4276	0.432092
6.74	0.897462	-0.4366	0.441088
6.75	0.893006	-0.4456	0.45004
6.76	0.888461	-0.4545	0.458948
6.77	0.883827	-0.4634	0.467809
6.78	0.879105	-0.4722	0.476624
6.79	0.874295	-0.481	0.485391
6.8	0.869397	-0.4898	0.494109
6.81	0.864413	-0.4984	0.502778
6.82	0.859342	-0.5071	0.511397
6.83	0.854185	-0.5157	0.519965
6.84	0.848943	-0.5242	0.52848
6.85	0.843616	-0.5327	0.536943
6.86	0.838204	-0.5412	0.545352
6.87	0.832709	-0.5495	0.553707
6.88	0.82713	-0.5579	0.562006
6.89	0.821469	-0.5661	0.570249
6.9	0.815725	-0.5744	0.578435
6.91	0.8099	-0.5825	0.586563
6.92	0.803994	-0.5906	0.594633
6.93	0.798007	-0.5987	0.602643
6.94	0.791941	-0.6066	0.610592
6.95	0.785796	-0.6145	0.618481
6.96	0.779572	-0.6224	0.626308
6.97	0.77327	-0.6302	0.634072
6.98	0.76689	-0.638	0.641773
6.99	0.760434	-0.6456	0.649409
7	0.753902	-0.6532	0.656981
7.01	0.747295	-0.6607	0.664487
7.02	0.740613	-0.6682	0.671927
7.03	0.733856	-0.6757	0.679299
7.04	0.727027	-0.6829	0.686603
7.05	0.720124	-0.6903	0.693839
7.06	0.71315	-0.6974	0.701006
7.07	0.706104	-0.7046	0.708102
7.08	0.698988	-0.7116	0.715127
7.09	0.691802	-0.7186	0.722081
7.1	0.684547	-0.7255	0.728963
7.11	0.677223	-0.7324	0.735772
7.12	0.669831	-0.7392	0.742507
7.13	0.662373	-0.7458	0.749168
7.14	0.654848	-0.7525	0.755754
7.15	0.647258	-0.759	0.762265
7.16	0.639603	-0.7655	0.768699
7.17	0.631884	-0.7719	0.775056
7.18	0.624102	-0.7782	0.781336
7.19	0.616257	-0.7845	0.787538
7.2	0.608351	-0.7906	0.793661
7.21	0.600384	-0.7967	0.799705
7.22	0.592357	-0.8027	0.805669
7.23	0.584271	-0.8086	0.811552
7.24	0.576126	-0.8145	0.817354
7.25	0.567924	-0.8202	0.823074
7.26	0.559665	-0.8259	0.828712
7.27	0.55135	-0.8315	0.834267
7.28	0.54298	-0.837	0.839739
7.29	0.534555	-0.8425	0.845126
7.3	0.526078	-0.8477	0.850429
7.31	0.517547	-0.8531	0.855648
7.32	0.508965	-0.8582	0.86078
7.33	0.500332	-0.8633	0.865827
7.34	0.491648	-0.8684	0.870787
7.35	0.482916	-0.8732	0.875659
7.36	0.474135	-0.8781	0.880445
7.37	0.465307	-0.8828	0.885142
7.38	0.456433	-0.8874	0.889751
7.39	0.447512	-0.8921	0.89427
7.4	0.438547	-0.8965	0.898701
7.41	0.429538	-0.9009	0.903041
7.42	0.420487	-0.9051	0.907291
7.43	0.411393	-0.9094	0.91145
7.44	0.402258	-0.9135	0.915519
7.45	0.393083	-0.9175	0.919495
7.46	0.383868	-0.9215	0.92338
7.47	0.374615	-0.9253	0.927173
7.48	0.365325	-0.929	0.930872
7.49	0.355998	-0.9327	0.934479
7.5	0.346635	-0.9363	0.937992
7.51	0.337238	-0.9397	0.941411
7.52	0.327807	-0.9431	0.944737
7.53	0.318344	-0.9463	0.947967
7.54	0.308848	-0.9496	0.951103
7.55	0.299322	-0.9526	0.954144
7.56	0.289765	-0.9557	0.95709
7.57	0.28018	-0.9585	0.959939
7.58	0.270567	-0.9613	0.962693
7.59	0.260926	-0.9641	0.965351
7.6	0.25126	-0.9666	0.967912
7.61	0.241568	-0.9692	0.970376
7.62	0.231852	-0.9716	0.972743
7.63	0.222114	-0.9738	0.975013
7.64	0.212352	-0.9762	0.977185
7.65	0.20257	-0.9782	0.97926
7.66	0.192767	-0.9803	0.981236
7.67	0.182945	-0.9822	0.983115
7.68	0.173105	-0.984	0.984895
7.69	0.163248	-0.9857	0.986577
7.7	0.153374	-0.9874	0.98816
7.71	0.143485	-0.9889	0.989644
7.72	0.133581	-0.9904	0.99103
7.73	0.123664	-0.9917	0.992316
7.74	0.113735	-0.9929	0.993503
7.75	0.103794	-0.9941	0.99459
7.76	0.0938433	-0.99507	0.995579
7.77	0.0838829	-0.99604	0.996467
7.78	0.0739142	-0.99687	0.997256
7.79	0.063938	-0.99762	0.997945
7.8	0.0539554	-0.99826	0.998535
7.81	0.0439675	-0.99879	0.999025
7.82	0.0339751	-0.99924	0.999414
7.83	0.0239793	-0.99958	0.999704
7.84	0.0139812	-0.99981	0.999894
7.85	0.00398162	-0.999958	0.999984
7.86	-0.00601833	-0.999995	0.999973
7.87	-0.0160177	-0.999937	0.999863
7.88	-0.0260154	-0.99977	0.999653
7.89	-0.0360106	-0.99952	0.999343
7.9	-0.0460021	-0.99915	0.998933
7.91	-0.0559891	-0.9987	0.998423
7.92	-0.0659704	-0.99813	0.997813
7.93	-0.0759452	-0.99748	0.997104
7.94	-0.0859123	-0.99671	0.996294
7.95	-0.0958709	-0.99586	0.995385
7.96	-0.10582	-0.99491	0.994377
7.97	-0.115758	-0.9938	0.993269
7.98	-0.125685	-0.9927	0.992062
7.99	-0.135599	-0.9914	0.990755
8	-0.1455	-0.9901	0.98935
8.01	-0.155386	-0.9886	0.987846
8.02	-0.165257	-0.9871	0.986242
8.03	-0.175111	-0.9854	0.98454
8.04	-0.184947	-0.9836	0.98274
8.05	-0.194765	-0.9818	0.980842
8.06	-0.204564	-0.9799	0.978845
8.07	-0.214342	-0.9778	0.97675
8.08	-0.224099	-0.9757	0.974558
8.09	-0.233833	-0.9734	0.972269
8.1	-0.243544	-0.9711	0.969882
8.11	-0.253231	-0.9687	0.967398
8.12	-0.262892	-0.9661	0.964817
8.13	-0.272527	-0.9635	0.96214
8.14	-0.282135	-0.9608	0.959367
8.15	-0.291714	-0.9579	0.956498
8.16	-0.301264	-0.955	0.953533
8.17	-0.310785	-0.9521	0.950472
8.18	-0.320274	-0.9489	0.947317
8.19	-0.329731	-0.9457	0.944067
8.2	-0.339155	-0.9424	0.940723
8.21	-0.348545	-0.939	0.937284
8.22	-0.3579	-0.9355	0.933752
8.23	-0.36722	-0.932	0.930126
8.24	-0.376503	-0.9283	0.926408
8.25	-0.385748	-0.9245	0.922596
8.26	-0.394955	-0.9207	0.918693
8.27	-0.404122	-0.9167	0.914698
8.28	-0.413248	-0.9126	0.910611
8.29	-0.422334	-0.9086	0.906433
8.3	-0.431377	-0.9043	0.902164
8.31	-0.440377	-0.9	0.897805
8.32	-0.449333	-0.8956	0.893357
8.33	-0.458244	-0.8911	0.888819
8.34	-0.467109	-0.8865	0.884192
8.35	-0.475928	-0.8819	0.879477
8.36	-0.484698	-0.877	0.874674
8.37	-0.493421	-0.8723	0.869783
8.38	-0.502094	-0.8673	0.864806
8.39	-0.510717	-0.8623	0.859742
8.4	-0.519289	-0.8572	0.854592
8.41	-0.527809	-0.852	0.849356
8.42	-0.536276	-0.8467	0.844036
8.43	-0.544689	-0.8413	0.838631
8.44	-0.553048	-0.8359	0.833142
8.45	-0.561352	-0.8304	0.82757
8.46	-0.569599	-0.8247	0.821916
8.47	-0.57779	-0.8191	0.816179
8.48	-0.585923	-0.8133	0.81036
8.49	-0.593997	-0.8074	0.80446
8.5	-0.602012	-0.8015	0.79848
8.51	-0.609967	-0.7955	0.79242
8.52	-0.61786	-0.7893	0.786281
8.53	-0.625692	-0.7832	0.780064
8.54	-0.633461	-0.7769	0.773768
8.55	-0.641167	-0.7706	0.767395
8.56	-0.648809	-0.7642	0.760945
8.57	-0.656386	-0.7577	0.754419
8.58	-0.663897	-0.7511	0.747817
8.59	-0.671342	-0.7445	0.741141
8.6	-0.67872	-0.7378	0.734391
8.61	-0.68603	-0.731	0.727567
8.62	-0.693271	-0.7241	0.720671
8.63	-0.700443	-0.7172	0.713702
8.64	-0.707545	-0.7102	0.706662
8.65	-0.714576	-0.7031	0.699552
8.66	-0.721536	-0.696	0.692371
8.67	-0.728424	-0.6888	0.685121
8.68	-0.735238	-0.6814	0.677803
8.69	-0.74198	-0.6742	0.670417
8.7	-0.748647	-0.6667	0.662964
8.71	-0.755239	-0.6592	0.655444
8.72	-0.761755	-0.6516	0.647859
8.73	-0.768196	-0.6441	0.640209
8.74	-0.77456	-0.6364	0.632496
8.75	-0.780846	-0.6286	0.624719
8.76	-0.787054	-0.6208	0.616879
8.77	-0.793183	-0.6129	0.608978
8.78	-0.799233	-0.605	0.601016
8.79	-0.805203	-0.597	0.592994
8.8	-0.811093	-0.589	0.584912
8.81	-0.816902	-0.5809	0.576772
8.82	-0.822628	-0.5726	0.568575
8.83	-0.828273	-0.5645	0.56032
8.84	-0.833835	-0.5562	0.55201
8.85	-0.839313	-0.5478	0.543644
8.86	-0.844707	-0.5394	0.535224
8.87	-0.850017	-0.531	0.52675
8.88	-0.855242	-0.5225	0.518224
8.89	-0.860382	-0.514	0.509646
8.9	-0.865435	-0.5053	0.501017
8.91	-0.870402	-0.4967	0.492337
8.92	-0.875282	-0.488	0.483609
8.93	-0.880074	-0.4792	0.474832
8.94	-0.884778	-0.4704	0.466008
8.95	-0.889394	-0.4616	0.457137
8.96	-0.893921	-0.4527	0.448221
8.97	-0.898359	-0.4438	0.439259
8.98	-0.902706	-0.4347	0.430254
8.99	-0.906964	-0.4258	0.421205
9	-0.91113	-0.4166	0.412115
9.01	-0.915206	-0.4076	0.402983
9.02	-0.91919	-0.3984	0.393811
9.03	-0.923082	-0.3892	0.3846
9.04	-0.926882	-0.38	0.37535
9.05	-0.930589	-0.3707	0.366063
9.06	-0.934203	-0.3614	0.356739
9.07	-0.937724	-0.3521	0.347379
9.08	-0.941151	-0.3427	0.337985
9.09	-0.944483	-0.3332	0.328557
9.1	-0.947722	-0.3239	0.319096
9.11	-0.950865	-0.3143	0.309603
9.12	-0.953914	-0.3049	0.300079
9.13	-0.956867	-0.2953	0.290525
9.14	-0.959724	-0.2857	0.280942
9.15	-0.962485	-0.2761	0.271331
9.16	-0.965151	-0.2666	0.261693
9.17	-0.967719	-0.2568	0.252028
9.18	-0.970191	-0.2472	0.242339
9.19	-0.972566	-0.2375	0.232625
9.2	-0.974844	-0.2278	0.222888
9.21	-0.977024	-0.218	0.213129
9.22	-0.979106	-0.2082	0.203348
9.23	-0.981091	-0.1985	0.193547
9.24	-0.982977	-0.1886	0.183727
9.25	-0.984765	-0.1788	0.173888
9.26	-0.986455	-0.169	0.164032
9.27	-0.988046	-0.1591	0.154159
9.28	-0.989538	-0.1492	0.144271
9.29	-0.990931	-0.1393	0.134369
9.3	-0.992225	-0.1294	0.124453
9.31	-0.99342	-0.1195	0.114525
9.32	-0.994516	-0.1096	0.104585
9.33	-0.995512	-0.0996	0.0946353
9.34	-0.996409	-0.0897	0.0846757
9.35	-0.997205	-0.0796	0.0747076
9.36	-0.997903	-0.0698	0.064732
9.37	-0.9985	-0.0597	0.05475
9.38	-0.998998	-0.0498	0.0447625
9.39	-0.999395	-0.0397	0.0347706
9.4	-0.999693	-0.0298	0.0247751
9.41	-0.999891	-0.0198	0.0147772
9.42	-0.999989	-0.0098	0.00477781
9.43	-0.999986	0.0003	-0.00522206
9.44	-0.999884	0.0102	-0.0152214
9.45	-0.999682	0.0202	-0.0252192
9.46	-0.99938	0.0302	-0.0352146
9.47	-0.998978	0.0402	-0.0452063
9.48	-0.998476	0.0502	-0.0551936
9.49	-0.997874	0.0602	-0.0651754
9.5	-0.997172	0.0702	-0.0751506
9.51	-0.996371	0.0801	-0.0851183
9.52	-0.99547	0.0901	-0.0950775
9.53	-0.994469	0.1001	-0.105027
9.54	-0.993369	0.11	-0.114966
9.55	-0.99217	0.1199	-0.124894
9.56	-0.990871	0.1299	-0.134809
9.57	-0.989474	0.1397	-0.144711
9.58	-0.987977	0.1497	-0.154598
9.59	-0.986382	0.1595	-0.16447
9.6	-0.984688	0.1694	-0.174325
9.61	-0.982895	0.1793	-0.184163
9.62	-0.981005	0.189	-0.193983
9.63	-0.979016	0.1989	-0.203783
9.64	-0.976929	0.2087	-0.213563
9.65	-0.974745	0.2184	-0.223321
9.66	-0.972463	0.2282	-0.233057
9.67	-0.970083	0.238	-0.24277
9.68	-0.967607	0.2476	-0.252458
9.69	-0.965034	0.2573	-0.262121
9.7	-0.962365	0.2669	-0.271758
9.71	-0.959599	0.2766	-0.281368
9.72	-0.956738	0.2861	-0.29095
9.73	-0.95378	0.2958	-0.300503
9.74	-0.950728	0.3052	-0.310025
9.75	-0.94758	0.3148	-0.319517
9.76	-0.944337	0.3243	-0.328976
9.77	-0.941	0.3337	-0.338403
9.78	-0.937569	0.3431	-0.347796
9.79	-0.934044	0.3525	-0.357154
9.8	-0.930426	0.3618	-0.366476
9.81	-0.926715	0.3711	-0.375762
9.82	-0.922911	0.3804	-0.38501
9.83	-0.919015	0.3896	-0.39422
9.84	-0.915027	0.3988	-0.40339
9.85	-0.910947	0.408	-0.41252
9.86	-0.906776	0.4171	-0.421608
9.87	-0.902515	0.4261	-0.430655
9.88	-0.898163	0.4352	-0.439658
9.89	-0.893722	0.4441	-0.448618
9.9	-0.889191	0.4531	-0.457532
9.91	-0.884571	0.462	-0.466401
9.92	-0.879863	0.4708	-0.475223
9.93	-0.875067	0.4796	-0.483998
9.94	-0.870183	0.4884	-0.492724
9.95	-0.865213	0.497	-0.501401
9.96	-0.860155	0.5058	-0.510028
9.97	-0.855012	0.5143	-0.518604
9.98	-0.849783	0.5229	-0.527128
9.99	-0.84447	0.5313	-0.535599
10	-0.839072	0.5398	-0.544017
