x	res0	res1	res2	res3	func
0	0	0	0	0	0
0.001	0.00112838	0.00112838	0.00112838	0.00112838	0.00112838
0.002	0.00225676	0.00225676	0.00225676	0.00225676	0.00225676
0.003	0.00338513	0.00338513	0.00338513	0.00338513	0.00338513
0.004	0.00451349	0.00451349	0.00451349	0.00451349	0.00451349
0.005	0.00564185	0.00564185	0.00564185	0.00564185	0.00564185
0.006	0.00677019	0.00677019	0.00677019	0.00677019	0.00677019
0.007	0.00789853	0.00789853	0.00789853	0.00789853	0.00789853
0.008	0.00902684	0.00902684	0.00902684	0.00902684	0.00902684
0.009	0.0101551	0.0101551	0.0101551	0.0101551	0.0101551
0.01	0.0112834	0.0112834	0.0112834	0.0112834	0.0112834
0.011	0.0124117	0.0124117	0.0124117	0.0124117	0.0124117
0.012	0.0135399	0.0135399	0.0135399	0.0135399	0.0135399
0.013	0.0146681	0.0146681	0.0146681	0.0146681	0.0146681
0.014	0.0157963	0.0157963	0.0157963	0.0157963	0.0157963
0.015	0.0169244	0.0169244	0.0169244	0.0169244	0.0169244
0.016	0.0180525	0.0180525	0.0180525	0.0180525	0.0180525
0.017	0.0191806	0.0191806	0.0191806	0.0191806	0.0191806
0.018	0.0203086	0.0203086	0.0203086	0.0203086	0.0203086
0.019	0.0214366	0.0214366	0.0214366	0.0214366	0.0214366
0.02	0.0225646	0.0225646	0.0225646	0.0225646	0.0225646
0.021	0.0236925	0.0236925	0.0236925	0.0236925	0.0236925
0.022	0.0248203	0.0248203	0.0248203	0.0248203	0.0248203
0.023	0.0259481	0.0259481	0.0259481	0.0259481	0.0259481
0.024	0.0270759	0.0270759	0.0270759	0.0270759	0.0270759
0.025	0.0282036	0.0282036	0.0282036	0.0282036	0.0282036
0.026	0.0293312	0.0293312	0.0293312	0.0293312	0.0293312
0.027	0.0304588	0.0304588	0.0304588	0.0304588	0.0304588
0.028	0.0315864	0.0315864	0.0315864	0.0315864	0.0315864
0.029	0.0327138	0.0327138	0.0327138	0.0327138	0.0327138
0.03	0.0338412	0.0338412	0.0338412	0.0338412	0.0338412
0.031	0.0349686	0.0349686	0.0349686	0.0349686	0.0349686
0.032	0.0360958	0.0360958	0.0360958	0.0360958	0.0360958
0.033	0.037223	0.037223	0.037223	0.037223	0.037223
0.034	0.0383501	0.0383501	0.0383501	0.0383501	0.0383501
0.035	0.0394772	0.0394772	0.0394772	0.0394772	0.0394772
0.036	0.0406041	0.0406041	0.0406041	0.0406041	0.0406041
0.037	0.041731	0.041731	0.041731	0.041731	0.041731
0.038	0.0428578	0.0428578	0.0428578	0.0428578	0.0428578
0.039	0.0439845	0.0439845	0.0439845	0.0439845	0.0439845
0.04	0.0451111	0.0451111	0.0451111	0.0451111	0.0451111
0.041	0.0462376	0.0462376	0.0462376	0.0462376	0.0462376
0.042	0.0473641	0.0473641	0.0473641	0.0473641	0.0473641
0.043	0.0484904	0.0484904	0.0484904	0.0484904	0.0484904
0.044	0.0496167	0.0496167	0.0496167	0.0496167	0.0496167
0.045	0.0507428	0.0507428	0.0507428	0.0507428	0.0507428
0.046	0.0518689	0.0518689	0.0518689	0.0518689	0.0518689
0.047	0.0529948	0.0529948	0.0529948	0.0529948	0.0529948
0.048	0.0541206	0.0541206	0.0541206	0.0541206	0.0541206
0.049	0.0552464	0.0552464	0.0552464	0.0552464	0.0552464
0.05	0.056372	0.056372	0.056372	0.056372	0.056372
0.051	0.0574975	0.0574975	0.0574975	0.0574975	0.0574975
0.052	0.0586229	0.0586229	0.0586229	0.0586229	0.0586229
0.053	0.0597481	0.0597481	0.0597481	0.0597481	0.0597481
0.054	0.0608733	0.0608733	0.0608733	0.0608733	0.0608733
0.055	0.0619983	0.0619983	0.0619983	0.0619983	0.0619983
0.056	0.0631232	0.0631232	0.0631232	0.0631232	0.0631232
0.057	0.064248	0.064248	0.064248	0.064248	0.064248
0.058	0.0653727	0.0653727	0.0653727	0.0653727	0.0653727
0.059	0.0664972	0.0664972	0.0664972	0.0664972	0.0664972
0.06	0.0676216	0.0676216	0.0676216	0.0676216	0.0676216
0.061	0.0687459	0.0687459	0.0687459	0.0687459	0.0687459
0.062	0.06987	0.06987	0.06987	0.06987	0.06987
0.063	0.070994	0.070994	0.070994	0.070994	0.070994
0.064	0.0721178	0.0721178	0.0721178	0.0721178	0.0721178
0.065	0.0732415	0.0732415	0.0732415	0.0732415	0.0732415
0.066	0.074365	0.074365	0.074365	0.074365	0.074365
0.067	0.0754884	0.0754884	0.0754884	0.0754884	0.0754884
0.068	0.0766117	0.0766117	0.0766117	0.0766117	0.0766117
0.069	0.0777348	0.0777348	0.0777348	0.0777348	0.0777348
0.07	0.0788577	0.0788577	0.0788577	0.0788577	0.0788577
0.071	0.0799805	0.0799805	0.0799805	0.0799805	0.0799805
0.072	0.0811031	0.0811031	0.0811031	0.0811031	0.0811031
0.073	0.0822256	0.0822256	0.0822256	0.0822256	0.0822256
0.074	0.0833479	0.0833479	0.0833479	0.0833479	0.0833479
0.075	0.08447	0.08447	0.08447	0.08447	0.08447
0.076	0.085592	0.085592	0.085592	0.085592	0.085592
0.077	0.0867138	0.0867138	0.0867138	0.0867138	0.0867138
0.078	0.0878354	0.0878354	0.0878354	0.0878354	0.0878354
0.079	0.0889569	0.0889569	0.0889569	0.0889569	0.0889569
0.08	0.0900781	0.0900781	0.0900781	0.0900781	0.0900781
0.081	0.0911992	0.0911992	0.0911992	0.0911992	0.0911992
0.082	0.0923201	0.0923201	0.0923201	0.0923201	0.0923201
0.083	0.0934409	0.0934409	0.0934409	0.0934409	0.0934409
0.084	0.0945614	0.0945614	0.0945614	0.0945614	0.0945614
0.085	0.0956817	0.0956817	0.0956818	0.0956817	0.0956817
0.086	0.0968019	0.0968019	0.0968019	0.0968019	0.0968019
0.087	0.0979219	0.0979219	0.0979219	0.0979219	0.0979219
0.088	0.0990416	0.0990416	0.0990417	0.0990416	0.0990416
0.089	0.100161	0.100161	0.100161	0.100161	0.100161
0.09	0.101281	0.101281	0.101281	0.101281	0.101281
0.091	0.1024	0.1024	0.1024	0.1024	0.1024
0.092	0.103519	0.103519	0.103519	0.103519	0.103519
0.093	0.104638	0.104638	0.104638	0.104638	0.104638
0.094	0.105756	0.105756	0.105756	0.105756	0.105756
0.095	0.106874	0.106874	0.106874	0.106874	0.106874
0.096	0.107993	0.107993	0.107993	0.107993	0.107993
0.097	0.10911	0.10911	0.109111	0.10911	0.10911
0.098	0.110228	0.110228	0.110228	0.110228	0.110228
0.099	0.111346	0.111346	0.111346	0.111346	0.111346
0.1	0.112463	0.112463	0.112463	0.112463	0.112463
0.101	0.11358	0.11358	0.11358	0.11358	0.11358
0.102	0.114697	0.114697	0.114697	0.114697	0.114697
0.103	0.115813	0.115813	0.115813	0.115813	0.115813
0.104	0.11693	0.11693	0.11693	0.11693	0.11693
0.105	0.118046	0.118046	0.118046	0.118046	0.118046
0.106	0.119162	0.119162	0.119162	0.119162	0.119162
0.107	0.120277	0.120277	0.120277	0.120277	0.120277
0.108	0.121393	0.121393	0.121393	0.121393	0.121393
0.109	0.122508	0.122508	0.122508	0.122508	0.122508
0.11	0.123623	0.123623	0.123623	0.123623	0.123623
0.111	0.124738	0.124738	0.124738	0.124738	0.124738
0.112	0.125852	0.125852	0.125852	0.125852	0.125852
0.113	0.126966	0.126966	0.126966	0.126966	0.126966
0.114	0.12808	0.12808	0.12808	0.12808	0.12808
0.115	0.129194	0.129194	0.129194	0.129194	0.129194
0.116	0.130307	0.130307	0.130307	0.130307	0.130307
0.117	0.13142	0.13142	0.131421	0.13142	0.13142
0.118	0.132533	0.132533	0.132533	0.132533	0.132533
0.119	0.133646	0.133646	0.133646	0.133646	0.133646
0.12	0.134758	0.134758	0.134758	0.134758	0.134758
0.121	0.13587	0.13587	0.135871	0.13587	0.13587
0.122	0.136982	0.136982	0.136982	0.136982	0.136982
0.123	0.138094	0.138094	0.138094	0.138094	0.138094
0.124	0.139205	0.139205	0.139205	0.139205	0.139205
0.125	0.140316	0.140316	0.140316	0.140316	0.140316
0.126	0.141427	0.141427	0.141427	0.141427	0.141427
0.127	0.142537	0.142537	0.142538	0.142537	0.142537
0.128	0.143648	0.143648	0.143648	0.143648	0.143648
0.129	0.144758	0.144758	0.144758	0.144758	0.144758
0.13	0.145867	0.145867	0.145867	0.145867	0.145867
0.131	0.146976	0.146976	0.146977	0.146976	0.146976
0.132	0.148085	0.148085	0.148086	0.148085	0.148085
0.133	0.149194	0.149194	0.149194	0.149194	0.149194
0.134	0.150303	0.150303	0.150303	0.150303	0.150303
0.135	0.151411	0.151411	0.151411	0.151411	0.151411
0.136	0.152519	0.152519	0.152519	0.152519	0.152519
0.137	0.153626	0.153626	0.153626	0.153626	0.153626
0.138	0.154733	0.154733	0.154734	0.154733	0.154733
0.139	0.15584	0.15584	0.155841	0.15584	0.15584
0.14	0.156947	0.156947	0.156947	0.156947	0.156947
0.141	0.158053	0.158053	0.158054	0.158053	0.158053
0.142	0.159159	0.159159	0.15916	0.159159	0.159159
0.143	0.160265	0.160265	0.160265	0.160265	0.160265
0.144	0.16137	0.16137	0.161371	0.16137	0.16137
0.145	0.162476	0.162476	0.162476	0.162476	0.162476
0.146	0.16358	0.16358	0.163581	0.16358	0.16358
0.147	0.164685	0.164685	0.164685	0.164685	0.164685
0.148	0.165789	0.165789	0.165789	0.165789	0.165789
0.149	0.166893	0.166893	0.166893	0.166893	0.166893
0.15	0.167996	0.167996	0.167996	0.167996	0.167996
0.151	0.169099	0.169099	0.169099	0.169099	0.169099
0.152	0.170202	0.170202	0.170202	0.170202	0.170202
0.153	0.171304	0.171304	0.171305	0.171304	0.171304
0.154	0.172406	0.172406	0.172407	0.172406	0.172406
0.155	0.173508	0.173508	0.173509	0.173508	0.173508
0.156	0.17461	0.17461	0.17461	0.17461	0.17461
0.157	0.175711	0.175711	0.175711	0.175711	0.175711
0.158	0.176811	0.176811	0.176812	0.176811	0.176811
0.159	0.177912	0.177912	0.177912	0.177912	0.177912
0.16	0.179012	0.179012	0.179012	0.179012	0.179012
0.161	0.180111	0.180111	0.180112	0.180111	0.180111
0.162	0.181211	0.181211	0.181211	0.181211	0.181211
0.163	0.18231	0.18231	0.18231	0.18231	0.18231
0.164	0.183408	0.183408	0.183409	0.183408	0.183408
0.165	0.184507	0.184507	0.184507	0.184507	0.184507
0.166	0.185605	0.185605	0.185605	0.185605	0.185605
0.167	0.186702	0.186702	0.186703	0.186702	0.186702
0.168	0.187799	0.187799	0.1878	0.187799	0.187799
0.169	0.188896	0.188896	0.188897	0.188896	0.188896
0.17	0.189992	0.189992	0.189993	0.189992	0.189992
0.171	0.191089	0.191089	0.191089	0.191089	0.191089
0.172	0.192184	0.192184	0.192185	0.192184	0.192184
0.173	0.193279	0.193279	0.19328	0.193279	0.193279
0.174	0.194374	0.194374	0.194375	0.194374	0.194374
0.175	0.195469	0.195469	0.19547	0.195469	0.195469
0.176	0.196563	0.196563	0.196564	0.196563	0.196563
0.177	0.197657	0.197657	0.197658	0.197657	0.197657
0.178	0.19875	0.19875	0.198751	0.19875	0.19875
0.179	0.199843	0.199843	0.199844	0.199843	0.199843
0.18	0.200936	0.200936	0.200937	0.200936	0.200936
0.181	0.202028	0.202028	0.202029	0.202028	0.202028
0.182	0.20312	0.20312	0.203121	0.20312	0.20312
0.183	0.204211	0.204211	0.204212	0.204211	0.204211
0.184	0.205302	0.205302	0.205303	0.205302	0.205302
0.185	0.206393	0.206393	0.206394	0.206393	0.206393
0.186	0.207483	0.207483	0.207484	0.207483	0.207483
0.187	0.208573	0.208573	0.208574	0.208573	0.208573
0.188	0.209662	0.209662	0.209663	0.209662	0.209662
0.189	0.210751	0.210751	0.210752	0.210751	0.210751
0.19	0.21184	0.21184	0.211841	0.21184	0.21184
0.191	0.212928	0.212928	0.212929	0.212928	0.212928
0.192	0.214016	0.214016	0.214017	0.214016	0.214016
0.193	0.215103	0.215103	0.215104	0.215103	0.215103
0.194	0.21619	0.21619	0.216191	0.21619	0.21619
0.195	0.217277	0.217277	0.217278	0.217277	0.217277
0.196	0.218363	0.218363	0.218364	0.218363	0.218363
0.197	0.219448	0.219448	0.21945	0.219448	0.219448
0.198	0.220533	0.220533	0.220535	0.220533	0.220533
0.199	0.221618	0.221618	0.22162	0.221618	0.221618
0.2	0.222703	0.222703	0.222704	0.222703	0.222703
0.201	0.223787	0.223787	0.223788	0.223787	0.223787
0.202	0.22487	0.22487	0.224871	0.22487	0.22487
0.203	0.225953	0.225953	0.225955	0.225953	0.225953
0.204	0.227036	0.227036	0.227037	0.227036	0.227036
0.205	0.228118	0.228118	0.228119	0.228118	0.228118
0.206	0.2292	0.2292	0.229201	0.2292	0.2292
0.207	0.230281	0.230281	0.230282	0.230281	0.230281
0.208	0.231362	0.231362	0.231363	0.231362	0.231362
0.209	0.232442	0.232442	0.232444	0.232442	0.232442
0.21	0.233522	0.233522	0.233524	0.233522	0.233522
0.211	0.234601	0.234601	0.234603	0.234601	0.234601
0.212	0.23568	0.23568	0.235682	0.23568	0.23568
0.213	0.236759	0.236759	0.236761	0.236759	0.236759
0.214	0.237837	0.237837	0.237839	0.237837	0.237837
0.215	0.238915	0.238915	0.238917	0.238915	0.238915
0.216	0.239992	0.239992	0.239994	0.239992	0.239992
0.217	0.241069	0.241069	0.241071	0.241069	0.241069
0.218	0.242145	0.242145	0.242147	0.242145	0.242145
0.219	0.243221	0.243221	0.243223	0.243221	0.243221
0.22	0.244296	0.244296	0.244298	0.244296	0.244296
0.221	0.245371	0.245371	0.245373	0.245371	0.245371
0.222	0.246445	0.246445	0.246447	0.246445	0.246445
0.223	0.247519	0.247519	0.247521	0.247519	0.247519
0.224	0.248592	0.248592	0.248595	0.248592	0.248592
0.225	0.249665	0.249665	0.249668	0.249665	0.249665
0.226	0.250738	0.250738	0.25074	0.250738	0.250738
0.227	0.25181	0.25181	0.251812	0.25181	0.25181
0.228	0.252881	0.252881	0.252884	0.252881	0.252881
0.229	0.253952	0.253952	0.253955	0.253952	0.253952
0.23	0.255023	0.255023	0.255025	0.255023	0.255023
0.231	0.256093	0.256093	0.256095	0.256093	0.256093
0.232	0.257162	0.257162	0.257165	0.257162	0.257162
0.233	0.258231	0.258231	0.258234	0.258231	0.258231
0.234	0.2593	0.2593	0.259303	0.2593	0.2593
0.235	0.260368	0.260368	0.260371	0.260368	0.260368
0.236	0.261435	0.261435	0.261438	0.261435	0.261435
0.237	0.262502	0.262502	0.262505	0.262502	0.262502
0.238	0.263569	0.263569	0.263572	0.263569	0.263569
0.239	0.264635	0.264635	0.264638	0.264635	0.264635
0.24	0.2657	0.2657	0.265704	0.2657	0.2657
0.241	0.266765	0.266765	0.266769	0.266765	0.266765
0.242	0.267829	0.267829	0.267833	0.267829	0.267829
0.243	0.268893	0.268893	0.268897	0.268893	0.268893
0.244	0.269957	0.269957	0.269961	0.269957	0.269957
0.245	0.27102	0.27102	0.271024	0.27102	0.27102
0.246	0.272082	0.272082	0.272086	0.272082	0.272082
0.247	0.273144	0.273144	0.273148	0.273144	0.273144
0.248	0.274205	0.274205	0.274209	0.274205	0.274205
0.249	0.275266	0.275266	0.27527	0.275266	0.275266
0.25	0.276326	0.276326	0.276331	0.276326	0.276326
0.251	0.277386	0.277386	0.27739	0.277386	0.277386
0.252	0.278445	0.278445	0.27845	0.278445	0.278445
0.253	0.279504	0.279504	0.279508	0.279504	0.279504
0.254	0.280562	0.280562	0.280567	0.280562	0.280562
0.255	0.28162	0.28162	0.281624	0.28162	0.28162
0.256	0.282677	0.282677	0.282682	0.282677	0.282677
0.257	0.283733	0.283733	0.283738	0.283733	0.283733
0.258	0.284789	0.284789	0.284794	0.284789	0.284789
0.259	0.285845	0.285845	0.28585	0.285845	0.285845
0.26	0.2869	0.2869	0.286905	0.2869	0.2869
0.261	0.287954	0.287954	0.287959	0.287954	0.287954
0.262	0.289008	0.289008	0.289013	0.289008	0.289008
0.263	0.290061	0.290061	0.290066	0.290061	0.290061
0.264	0.291114	0.291114	0.291119	0.291114	0.291114
0.265	0.292166	0.292166	0.292172	0.292166	0.292166
0.266	0.293218	0.293218	0.293223	0.293218	0.293218
0.267	0.294269	0.294269	0.294274	0.294269	0.294269
0.268	0.295319	0.295319	0.295325	0.295319	0.295319
0.269	0.296369	0.296369	0.296375	0.296369	0.296369
0.27	0.297418	0.297418	0.297424	0.297418	0.297418
0.271	0.298467	0.298467	0.298473	0.298467	0.298467
0.272	0.299515	0.299515	0.299521	0.299515	0.299515
0.273	0.300563	0.300563	0.300569	0.300563	0.300563
0.274	0.30161	0.30161	0.301616	0.30161	0.30161
0.275	0.302656	0.302656	0.302663	0.302656	0.302656
0.276	0.303702	0.303702	0.303709	0.303702	0.303702
0.277	0.304748	0.304748	0.304754	0.304748	0.304748
0.278	0.305792	0.305792	0.305799	0.305792	0.305792
0.279	0.306836	0.306836	0.306844	0.306836	0.306836
0.28	0.30788	0.30788	0.307887	0.30788	0.30788
0.281	0.308923	0.308923	0.30893	0.308923	0.308923
0.282	0.309965	0.309965	0.309973	0.309965	0.309965
0.283	0.311007	0.311007	0.311015	0.311007	0.311007
0.284	0.312049	0.312049	0.312056	0.312049	0.312049
0.285	0.313089	0.313089	0.313097	0.313089	0.313089
0.286	0.314129	0.314129	0.314137	0.314129	0.314129
0.287	0.315169	0.315169	0.315177	0.315169	0.315169
0.288	0.316208	0.316208	0.316216	0.316208	0.316208
0.289	0.317246	0.317246	0.317254	0.317246	0.317246
0.29	0.318283	0.318283	0.318292	0.318283	0.318283
0.291	0.319321	0.319321	0.319329	0.319321	0.319321
0.292	0.320357	0.320357	0.320366	0.320357	0.320357
0.293	0.321393	0.321393	0.321402	0.321393	0.321393
0.294	0.322428	0.322428	0.322437	0.322428	0.322428
0.295	0.323463	0.323463	0.323472	0.323463	0.323463
0.296	0.324497	0.324497	0.324506	0.324497	0.324497
0.297	0.32553	0.32553	0.32554	0.32553	0.32553
0.298	0.326563	0.326563	0.326573	0.326563	0.326563
0.299	0.327595	0.327595	0.327605	0.327595	0.327595
0.3	0.328627	0.328627	0.328637	0.328627	0.328627
0.301	0.329658	0.329658	0.329668	0.329658	0.329658
0.302	0.330688	0.330688	0.330698	0.330688	0.330688
0.303	0.331718	0.331718	0.331728	0.331718	0.331718
0.304	0.332747	0.332747	0.332758	0.332747	0.332747
0.305	0.333775	0.333775	0.333786	0.333775	0.333775
0.306	0.334803	0.334803	0.334814	0.334803	0.334803
0.307	0.33583	0.33583	0.335842	0.33583	0.33583
0.308	0.336857	0.336857	0.336868	0.336857	0.336857
0.309	0.337883	0.337883	0.337894	0.337883	0.337883
0.31	0.338908	0.338908	0.33892	0.338908	0.338908
0.311	0.339933	0.339933	0.339945	0.339933	0.339933
0.312	0.340957	0.340957	0.340969	0.340957	0.340957
0.313	0.34198	0.34198	0.341993	0.34198	0.34198
0.314	0.343003	0.343003	0.343015	0.343003	0.343003
0.315	0.344025	0.344025	0.344038	0.344025	0.344025
0.316	0.345047	0.345047	0.345059	0.345047	0.345047
0.317	0.346067	0.346067	0.34608	0.346067	0.346067
0.318	0.347088	0.347088	0.347101	0.347088	0.347088
0.319	0.348107	0.348107	0.348121	0.348107	0.348107
0.32	0.349126	0.349126	0.34914	0.349126	0.349126
0.321	0.350144	0.350144	0.350158	0.350144	0.350144
0.322	0.351162	0.351162	0.351176	0.351162	0.351162
0.323	0.352179	0.352179	0.352193	0.352179	0.352179
0.324	0.353195	0.353195	0.353209	0.353195	0.353195
0.325	0.354211	0.354211	0.354225	0.354211	0.354211
0.326	0.355226	0.355226	0.35524	0.355226	0.355226
0.327	0.35624	0.35624	0.356255	0.35624	0.35624
0.328	0.357253	0.357253	0.357269	0.357253	0.357253
0.329	0.358266	0.358266	0.358282	0.358266	0.358266
0.33	0.359279	0.359279	0.359294	0.359279	0.359279
0.331	0.36029	0.36029	0.360306	0.36029	0.36029
0.332	0.361301	0.361301	0.361317	0.361301	0.361301
0.333	0.362312	0.362312	0.362328	0.362312	0.362312
0.334	0.363321	0.363321	0.363338	0.363321	0.363321
0.335	0.36433	0.36433	0.364347	0.36433	0.36433
0.336	0.365338	0.365338	0.365355	0.365338	0.365338
0.337	0.366346	0.366346	0.366363	0.366346	0.366346
0.338	0.367353	0.367353	0.36737	0.367353	0.367353
0.339	0.368359	0.368359	0.368377	0.368359	0.368359
0.34	0.369365	0.369365	0.369383	0.369365	0.369365
0.341	0.370369	0.370369	0.370388	0.370369	0.370369
0.342	0.371374	0.371374	0.371392	0.371374	0.371374
0.343	0.372377	0.372377	0.372396	0.372377	0.372377
0.344	0.37338	0.37338	0.373399	0.37338	0.37338
0.345	0.374382	0.374382	0.374401	0.374382	0.374382
0.346	0.375383	0.375383	0.375403	0.375383	0.375383
0.347	0.376384	0.376384	0.376404	0.376384	0.376384
0.348	0.377384	0.377384	0.377404	0.377384	0.377384
0.349	0.378383	0.378383	0.378404	0.378383	0.378383
0.35	0.379382	0.379382	0.379403	0.379382	0.379382
0.351	0.38038	0.38038	0.380401	0.38038	0.38038
0.352	0.381377	0.381377	0.381399	0.381377	0.381377
0.353	0.382374	0.382374	0.382395	0.382374	0.382374
0.354	0.38337	0.38337	0.383391	0.38337	0.38337
0.355	0.384365	0.384365	0.384387	0.384365	0.384365
0.356	0.385359	0.385359	0.385382	0.385359	0.385359
0.357	0.386353	0.386353	0.386376	0.386353	0.386353
0.358	0.387346	0.387346	0.387369	0.387346	0.387346
0.359	0.388338	0.388338	0.388361	0.388338	0.388338
0.36	0.38933	0.38933	0.389353	0.38933	0.38933
0.361	0.390321	0.390321	0.390345	0.390321	0.390321
0.362	0.391311	0.391311	0.391335	0.391311	0.391311
0.363	0.3923	0.3923	0.392325	0.3923	0.3923
0.364	0.393289	0.393289	0.393314	0.393289	0.393289
0.365	0.394277	0.394277	0.394302	0.394277	0.394277
0.366	0.395264	0.395264	0.39529	0.395264	0.395264
0.367	0.396251	0.396251	0.396277	0.396251	0.396251
0.368	0.397237	0.397237	0.397263	0.397237	0.397237
0.369	0.398222	0.398222	0.398248	0.398222	0.398222
0.37	0.399206	0.399206	0.399233	0.399206	0.399206
0.371	0.40019	0.40019	0.400217	0.40019	0.40019
0.372	0.401173	0.401173	0.4012	0.401173	0.401173
0.373	0.402155	0.402155	0.402183	0.402155	0.402155
0.374	0.403136	0.403136	0.403164	0.403136	0.403136
0.375	0.404117	0.404117	0.404145	0.404117	0.404117
0.376	0.405097	0.405097	0.405126	0.405097	0.405097
0.377	0.406076	0.406076	0.406105	0.406076	0.406076
0.378	0.407055	0.407055	0.407084	0.407055	0.407055
0.379	0.408032	0.408032	0.408062	0.408032	0.408032
0.38	0.409009	0.409009	0.40904	0.409009	0.409009
0.381	0.409986	0.409986	0.410016	0.409986	0.409986
0.382	0.410961	0.410961	0.410992	0.410961	0.410961
0.383	0.411936	0.411936	0.411968	0.411936	0.411936
0.384	0.41291	0.41291	0.412942	0.41291	0.41291
0.385	0.413883	0.413883	0.413916	0.413883	0.413883
0.386	0.414856	0.414856	0.414889	0.414856	0.414856
0.387	0.415828	0.415828	0.415861	0.415828	0.415828
0.388	0.416799	0.416799	0.416832	0.416799	0.416799
0.389	0.417769	0.417769	0.417803	0.417769	0.417769
0.39	0.418739	0.418739	0.418773	0.418739	0.418739
0.391	0.419707	0.419707	0.419742	0.419707	0.419707
0.392	0.420676	0.420676	0.42071	0.420676	0.420676
0.393	0.421643	0.421643	0.421678	0.421643	0.421643
0.394	0.422609	0.422609	0.422609	0.422609	0.422609
0.395	0.423575	0.423575	0.423575	0.423575	0.423575
0.396	0.42454	0.42454	0.42454	0.42454	0.42454
0.397	0.425504	0.425504	0.425504	0.425504	0.425504
0.398	0.426468	0.426468	0.426468	0.426468	0.426468
0.399	0.42743	0.42743	0.42743	0.42743	0.42743
0.4	0.428392	0.428392	0.428392	0.428392	0.428392
0.401	0.429354	0.429354	0.429353	0.429354	0.429354
0.402	0.430314	0.430314	0.430314	0.430314	0.430314
0.403	0.431274	0.431274	0.431273	0.431274	0.431274
0.404	0.432232	0.432232	0.432232	0.432232	0.432232
0.405	0.43319	0.43319	0.43319	0.43319	0.43319
0.406	0.434148	0.434148	0.434148	0.434148	0.434148
0.407	0.435104	0.435104	0.435104	0.435104	0.435104
0.408	0.43606	0.43606	0.43606	0.43606	0.43606
0.409	0.437015	0.437015	0.437015	0.437015	0.437015
0.41	0.437969	0.437969	0.437969	0.437969	0.437969
0.411	0.438922	0.438922	0.438922	0.438922	0.438922
0.412	0.439875	0.439875	0.439875	0.439875	0.439875
0.413	0.440827	0.440827	0.440827	0.440827	0.440827
0.414	0.441778	0.441778	0.441778	0.441778	0.441778
0.415	0.442728	0.442728	0.442728	0.442728	0.442728
0.416	0.443678	0.443678	0.443678	0.443678	0.443678
0.417	0.444626	0.444626	0.444626	0.444626	0.444626
0.418	0.445574	0.445574	0.445574	0.445574	0.445574
0.419	0.446521	0.446521	0.446521	0.446521	0.446521
0.42	0.447468	0.447468	0.447468	0.447468	0.447468
0.421	0.448413	0.448413	0.448413	0.448413	0.448413
0.422	0.449358	0.449358	0.449358	0.449358	0.449358
0.423	0.450302	0.450302	0.450302	0.450302	0.450302
0.424	0.451245	0.451245	0.451245	0.451245	0.451245
0.425	0.452187	0.452187	0.452187	0.452187	0.452187
0.426	0.453129	0.453129	0.453129	0.453129	0.453129
0.427	0.454069	0.454069	0.454069	0.454069	0.454069
0.428	0.455009	0.455009	0.455009	0.455009	0.455009
0.429	0.455948	0.455948	0.455948	0.455948	0.455948
0.43	0.456887	0.456887	0.456887	0.456887	0.456887
0.431	0.457824	0.457824	0.457824	0.457824	0.457824
0.432	0.458761	0.458761	0.458761	0.458761	0.458761
0.433	0.459697	0.459697	0.459697	0.459697	0.459697
0.434	0.460632	0.460632	0.460632	0.460632	0.460632
0.435	0.461566	0.461566	0.461566	0.461566	0.461566
0.436	0.4625	0.4625	0.462499	0.4625	0.4625
0.437	0.463432	0.463432	0.463432	0.463432	0.463432
0.438	0.464364	0.464364	0.464364	0.464364	0.464364
0.439	0.465295	0.465295	0.465295	0.465295	0.465295
0.44	0.466225	0.466225	0.466225	0.466225	0.466225
0.441	0.467154	0.467154	0.467154	0.467154	0.467154
0.442	0.468083	0.468083	0.468083	0.468083	0.468083
0.443	0.469011	0.469011	0.469011	0.469011	0.469011
0.444	0.469938	0.469938	0.469937	0.469938	0.469938
0.445	0.470864	0.470864	0.470864	0.470864	0.470864
0.446	0.471789	0.471789	0.471789	0.471789	0.471789
0.447	0.472713	0.472713	0.472713	0.472713	0.472713
0.448	0.473637	0.473637	0.473637	0.473637	0.473637
0.449	0.47456	0.47456	0.47456	0.47456	0.47456
0.45	0.475482	0.475482	0.475482	0.475482	0.475482
0.451	0.476403	0.476403	0.476403	0.476403	0.476403
0.452	0.477323	0.477323	0.477323	0.477323	0.477323
0.453	0.478243	0.478243	0.478242	0.478243	0.478243
0.454	0.479161	0.479161	0.479161	0.479161	0.479161
0.455	0.480079	0.480079	0.480079	0.480079	0.480079
0.456	0.480996	0.480996	0.480996	0.480996	0.480996
0.457	0.481912	0.481912	0.481912	0.481912	0.481912
0.458	0.482827	0.482827	0.482827	0.482827	0.482827
0.459	0.483742	0.483742	0.483742	0.483742	0.483742
0.46	0.484655	0.484655	0.484655	0.484655	0.484655
0.461	0.485568	0.485568	0.485568	0.485568	0.485568
0.462	0.48648	0.48648	0.48648	0.48648	0.48648
0.463	0.487391	0.487391	0.487391	0.487391	0.487391
0.464	0.488301	0.488301	0.488301	0.488301	0.488301
0.465	0.489211	0.489211	0.489211	0.489211	0.489211
0.466	0.490119	0.490119	0.490119	0.490119	0.490119
0.467	0.491027	0.491027	0.491027	0.491027	0.491027
0.468	0.491934	0.491934	0.491934	0.491934	0.491934
0.469	0.49284	0.49284	0.49284	0.49284	0.49284
0.47	0.493745	0.493745	0.493745	0.493745	0.493745
0.471	0.494649	0.494649	0.494649	0.494649	0.494649
0.472	0.495553	0.495553	0.495553	0.495553	0.495553
0.473	0.496455	0.496455	0.496455	0.496455	0.496455
0.474	0.497357	0.497357	0.497357	0.497357	0.497357
0.475	0.498258	0.498258	0.498258	0.498258	0.498258
0.476	0.499158	0.499158	0.499158	0.499158	0.499158
0.477	0.500057	0.500057	0.500057	0.500057	0.500057
0.478	0.500956	0.500956	0.500955	0.500956	0.500956
0.479	0.501853	0.501853	0.501853	0.501853	0.501853
0.48	0.50275	0.50275	0.502749	0.50275	0.50275
0.481	0.503645	0.503645	0.503645	0.503645	0.503645
0.482	0.50454	0.50454	0.50454	0.50454	0.50454
0.483	0.505434	0.505434	0.505434	0.505434	0.505434
0.484	0.506327	0.506327	0.506327	0.506327	0.506327
0.485	0.50722	0.50722	0.50722	0.50722	0.50722
0.486	0.508111	0.508111	0.508111	0.508111	0.508111
0.487	0.509002	0.509002	0.509001	0.509002	0.509002
0.488	0.509891	0.509891	0.509891	0.509891	0.509891
0.489	0.51078	0.51078	0.51078	0.51078	0.51078
0.49	0.511668	0.511668	0.511668	0.511668	0.511668
0.491	0.512555	0.512555	0.512555	0.512555	0.512555
0.492	0.513442	0.513442	0.513441	0.513442	0.513442
0.493	0.514327	0.514327	0.514327	0.514327	0.514327
0.494	0.515211	0.515211	0.515211	0.515211	0.515211
0.495	0.516095	0.516095	0.516095	0.516095	0.516095
0.496	0.516978	0.516978	0.516977	0.516978	0.516978
0.497	0.51786	0.51786	0.517859	0.51786	0.51786
0.498	0.518741	0.518741	0.51874	0.518741	0.518741
0.499	0.519621	0.519621	0.51962	0.519621	0.519621
0.5	0.5205	0.5205	0.5205	0.5205	0.5205
0.501	0.521378	0.521378	0.521378	0.521378	0.521378
0.502	0.522256	0.522256	0.522255	0.522256	0.522256
0.503	0.523132	0.523132	0.523132	0.523132	0.523132
0.504	0.524008	0.524008	0.524008	0.524008	0.524008
0.505	0.524883	0.524883	0.524882	0.524883	0.524883
0.506	0.525757	0.525757	0.525756	0.525757	0.525757
0.507	0.52663	0.52663	0.526629	0.52663	0.52663
0.508	0.527502	0.527502	0.527502	0.527502	0.527502
0.509	0.528373	0.528373	0.528373	0.528373	0.528373
0.51	0.529244	0.529244	0.529243	0.529244	0.529244
0.511	0.530113	0.530113	0.530113	0.530113	0.530113
0.512	0.530982	0.530982	0.530981	0.530982	0.530982
0.513	0.531849	0.531849	0.531849	0.531849	0.531849
0.514	0.532716	0.532716	0.532716	0.532716	0.532716
0.515	0.533582	0.533582	0.533582	0.533582	0.533582
0.516	0.534447	0.534447	0.534447	0.534447	0.534447
0.517	0.535311	0.535311	0.535311	0.535311	0.535311
0.518	0.536175	0.536175	0.536174	0.536175	0.536175
0.519	0.537037	0.537037	0.537037	0.537037	0.537037
0.52	0.537899	0.537899	0.537898	0.537899	0.537899
0.521	0.538759	0.538759	0.538759	0.538759	0.538759
0.522	0.539619	0.539619	0.539619	0.539619	0.539619
0.523	0.540478	0.540478	0.540477	0.540478	0.540478
0.524	0.541336	0.541336	0.541335	0.541336	0.541336
0.525	0.542193	0.542193	0.542192	0.542193	0.542193
0.526	0.543049	0.543049	0.543048	0.543049	0.543049
0.527	0.543904	0.543904	0.543903	0.543904	0.543904
0.528	0.544758	0.544758	0.544758	0.544758	0.544758
0.529	0.545612	0.545612	0.545611	0.545612	0.545612
0.53	0.546464	0.546464	0.546464	0.546464	0.546464
0.531	0.547316	0.547316	0.547315	0.547316	0.547316
0.532	0.548166	0.548166	0.548166	0.548166	0.548166
0.533	0.549016	0.549016	0.549016	0.549016	0.549016
0.534	0.549865	0.549865	0.549865	0.549865	0.549865
0.535	0.550713	0.550713	0.550713	0.550713	0.550713
0.536	0.55156	0.55156	0.55156	0.55156	0.55156
0.537	0.552406	0.552406	0.552406	0.552406	0.552406
0.538	0.553251	0.553251	0.553251	0.553251	0.553251
0.539	0.554096	0.554096	0.554095	0.554096	0.554096
0.54	0.554939	0.554939	0.554939	0.554939	0.554939
0.541	0.555782	0.555782	0.555781	0.555782	0.555782
0.542	0.556623	0.556623	0.556623	0.556623	0.556623
0.543	0.557464	0.557464	0.557464	0.557464	0.557464
0.544	0.558304	0.558304	0.558303	0.558304	0.558304
0.545	0.559143	0.559143	0.559142	0.559143	0.559143
0.546	0.559981	0.559981	0.55998	0.559981	0.559981
0.547	0.560818	0.560818	0.560817	0.560818	0.560818
0.548	0.561654	0.561654	0.561653	0.561654	0.561654
0.549	0.562489	0.562489	0.562489	0.562489	0.562489
0.55	0.563323	0.563323	0.563323	0.563323	0.563323
0.551	0.564157	0.564157	0.564156	0.564157	0.564157
0.552	0.564989	0.564989	0.564989	0.564989	0.564989
0.553	0.565821	0.565821	0.56582	0.565821	0.565821
0.554	0.566651	0.566651	0.566651	0.566651	0.566651
0.555	0.567481	0.567481	0.56748	0.567481	0.567481
0.556	0.56831	0.56831	0.568309	0.56831	0.56831
0.557	0.569138	0.569138	0.569137	0.569138	0.569138
0.558	0.569965	0.569965	0.569964	0.569965	0.569965
0.559	0.570791	0.570791	0.57079	0.570791	0.570791
0.56	0.571616	0.571616	0.571615	0.571616	0.571616
0.561	0.57244	0.57244	0.572439	0.57244	0.57244
0.562	0.573263	0.573263	0.573263	0.573263	0.573263
0.563	0.574086	0.574086	0.574085	0.574086	0.574086
0.564	0.574907	0.574907	0.574906	0.574907	0.574907
0.565	0.575727	0.575727	0.575727	0.575727	0.575727
0.566	0.576547	0.576547	0.576546	0.576547	0.576547
0.567	0.577366	0.577366	0.577365	0.577366	0.577366
0.568	0.578183	0.578183	0.578183	0.578183	0.578183
0.569	0.579	0.579	0.578999	0.579	0.579
0.57	0.579816	0.579816	0.579815	0.579816	0.579816
0.571	0.580631	0.580631	0.58063	0.580631	0.580631
0.572	0.581445	0.581445	0.581444	0.581445	0.581445
0.573	0.582258	0.582258	0.582257	0.582258	0.582258
0.574	0.58307	0.58307	0.583069	0.58307	0.58307
0.575	0.583881	0.583881	0.58388	0.583881	0.583881
0.576	0.584691	0.584691	0.584691	0.584691	0.584691
0.577	0.585501	0.585501	0.5855	0.585501	0.585501
0.578	0.586309	0.586309	0.586308	0.586309	0.586309
0.579	0.587116	0.587116	0.587116	0.587116	0.587116
0.58	0.587923	0.587923	0.587922	0.587923	0.587923
0.581	0.588728	0.588728	0.588728	0.588728	0.588728
0.582	0.589533	0.589533	0.589532	0.589533	0.589533
0.583	0.590337	0.590337	0.590336	0.590337	0.590337
0.584	0.59114	0.59114	0.591139	0.59114	0.59114
0.585	0.591941	0.591941	0.591941	0.591941	0.591941
0.586	0.592742	0.592742	0.592742	0.592742	0.592742
0.587	0.593542	0.593542	0.593542	0.593542	0.593542
0.588	0.594341	0.594341	0.594341	0.594341	0.594341
0.589	0.595139	0.595139	0.595139	0.595139	0.595139
0.59	0.595936	0.595936	0.595936	0.595936	0.595936
0.591	0.596733	0.596733	0.596732	0.596733	0.596733
0.592	0.597528	0.597528	0.597527	0.597528	0.597528
0.593	0.598322	0.598322	0.598321	0.598322	0.598322
0.594	0.599116	0.599116	0.599115	0.599116	0.599116
0.595	0.599908	0.599908	0.599907	0.599908	0.599908
0.596	0.6007	0.6007	0.600699	0.6007	0.6007
0.597	0.60149	0.60149	0.601489	0.60149	0.60149
0.598	0.60228	0.60228	0.602279	0.60228	0.60228
0.599	0.603068	0.603068	0.603068	0.603068	0.603068
0.6	0.603856	0.603856	0.603855	0.603856	0.603856
0.601	0.604643	0.604643	0.604642	0.604643	0.604643
0.602	0.605429	0.605429	0.605428	0.605429	0.605429
0.603	0.606214	0.606214	0.606213	0.606214	0.606214
0.604	0.606998	0.606998	0.606997	0.606998	0.606998
0.605	0.60778	0.60778	0.60778	0.60778	0.60778
0.606	0.608563	0.608563	0.608562	0.608563	0.608563
0.607	0.609344	0.609344	0.609343	0.609344	0.609344
0.608	0.610124	0.610124	0.610123	0.610124	0.610124
0.609	0.610903	0.610903	0.610902	0.610903	0.610903
0.61	0.611681	0.611681	0.61168	0.611681	0.611681
0.611	0.612459	0.612459	0.612458	0.612459	0.612459
0.612	0.613235	0.613235	0.613234	0.613235	0.613235
0.613	0.61401	0.61401	0.614009	0.61401	0.61401
0.614	0.614785	0.614785	0.614784	0.614785	0.614785
0.615	0.615558	0.615558	0.615557	0.615558	0.615558
0.616	0.616331	0.616331	0.61633	0.616331	0.616331
0.617	0.617102	0.617102	0.617101	0.617102	0.617102
0.618	0.617873	0.617873	0.617872	0.617873	0.617873
0.619	0.618643	0.618643	0.618642	0.618643	0.618643
0.62	0.619411	0.619411	0.61941	0.619411	0.619411
0.621	0.620179	0.620179	0.620178	0.620179	0.620179
0.622	0.620946	0.620946	0.620945	0.620946	0.620946
0.623	0.621712	0.621712	0.621711	0.621712	0.621712
0.624	0.622477	0.622477	0.622476	0.622477	0.622477
0.625	0.623241	0.623241	0.62324	0.623241	0.623241
0.626	0.624004	0.624004	0.624003	0.624004	0.624004
0.627	0.624766	0.624766	0.624765	0.624766	0.624766
0.628	0.625527	0.625527	0.625526	0.625527	0.625527
0.629	0.626287	0.626287	0.626286	0.626287	0.626287
0.63	0.627046	0.627046	0.627045	0.627046	0.627046
0.631	0.627805	0.627805	0.627804	0.627805	0.627805
0.632	0.628562	0.628562	0.628561	0.628562	0.628562
0.633	0.629318	0.629318	0.629317	0.629318	0.629318
0.634	0.630074	0.630074	0.630073	0.630074	0.630074
0.635	0.630828	0.630828	0.630827	0.630828	0.630828
0.636	0.631582	0.631582	0.63158	0.631582	0.631582
0.637	0.632334	0.632334	0.632333	0.632334	0.632334
0.638	0.633086	0.633086	0.633084	0.633086	0.633086
0.639	0.633836	0.633836	0.633835	0.633836	0.633836
0.64	0.634586	0.634586	0.634585	0.634586	0.634586
0.641	0.635334	0.635334	0.635333	0.635334	0.635334
0.642	0.636082	0.636082	0.636081	0.636082	0.636082
0.643	0.636829	0.636829	0.636828	0.636829	0.636829
0.644	0.637575	0.637575	0.637574	0.637575	0.637575
0.645	0.63832	0.63832	0.638318	0.63832	0.63832
0.646	0.639063	0.639063	0.639062	0.639063	0.639063
0.647	0.639806	0.639806	0.639805	0.639806	0.639806
0.648	0.640548	0.640548	0.640547	0.640548	0.640548
0.649	0.641289	0.641289	0.641288	0.641289	0.641289
0.65	0.642029	0.642029	0.642028	0.642029	0.642029
0.651	0.642768	0.642768	0.642767	0.642768	0.642768
0.652	0.643506	0.643506	0.643505	0.643506	0.643506
0.653	0.644244	0.644244	0.644242	0.644244	0.644244
0.654	0.64498	0.64498	0.644979	0.64498	0.64498
0.655	0.645715	0.645715	0.645714	0.645715	0.645715
0.656	0.646449	0.646449	0.646448	0.646449	0.646449
0.657	0.647183	0.647183	0.647181	0.647183	0.647183
0.658	0.647915	0.647915	0.647914	0.647915	0.647915
0.659	0.648646	0.648646	0.648645	0.648646	0.648646
0.66	0.649377	0.649377	0.649375	0.649377	0.649377
0.661	0.650106	0.650106	0.650105	0.650106	0.650106
0.662	0.650835	0.650835	0.650833	0.650835	0.650835
0.663	0.651562	0.651562	0.651561	0.651562	0.651562
0.664	0.652289	0.652289	0.652287	0.652289	0.652289
0.665	0.653014	0.653014	0.653013	0.653014	0.653014
0.666	0.653739	0.653739	0.653738	0.653739	0.653739
0.667	0.654463	0.654463	0.654461	0.654463	0.654463
0.668	0.655185	0.655185	0.655184	0.655185	0.655185
0.669	0.655907	0.655907	0.655906	0.655907	0.655907
0.67	0.656628	0.656628	0.656626	0.656628	0.656628
0.671	0.657347	0.657347	0.657346	0.657347	0.657347
0.672	0.658066	0.658066	0.658065	0.658066	0.658066
0.673	0.658784	0.658784	0.658783	0.658784	0.658784
0.674	0.659501	0.659501	0.6595	0.659501	0.659501
0.675	0.660217	0.660217	0.660216	0.660217	0.660217
0.676	0.660932	0.660932	0.660931	0.660932	0.660932
0.677	0.661646	0.661646	0.661645	0.661646	0.661646
0.678	0.662359	0.662359	0.662358	0.662359	0.662359
0.679	0.663071	0.663071	0.66307	0.663071	0.663071
0.68	0.663782	0.663782	0.663781	0.663782	0.663782
0.681	0.664492	0.664492	0.664491	0.664492	0.664492
0.682	0.665202	0.665202	0.6652	0.665202	0.665202
0.683	0.66591	0.66591	0.665908	0.66591	0.66591
0.684	0.666617	0.666617	0.666615	0.666617	0.666617
0.685	0.667323	0.667323	0.667322	0.667323	0.667323
0.686	0.668029	0.668029	0.668027	0.668029	0.668029
0.687	0.668733	0.668733	0.668731	0.668733	0.668733
0.688	0.669436	0.669436	0.669435	0.669436	0.669436
0.689	0.670139	0.670139	0.670137	0.670139	0.670139
0.69	0.67084	0.67084	0.670839	0.67084	0.67084
0.691	0.671541	0.671541	0.671539	0.671541	0.671541
0.692	0.67224	0.67224	0.672238	0.67224	0.67224
0.693	0.672939	0.672939	0.672937	0.672939	0.672939
0.694	0.673636	0.673636	0.673635	0.673636	0.673636
0.695	0.674333	0.674333	0.674331	0.674333	0.674333
0.696	0.675028	0.675028	0.675027	0.675028	0.675028
0.697	0.675723	0.675723	0.675721	0.675723	0.675723
0.698	0.676417	0.676417	0.676415	0.676417	0.676417
0.699	0.677109	0.677109	0.677108	0.677109	0.677109
0.7	0.677801	0.677801	0.6778	0.677801	0.677801
0.701	0.678492	0.678492	0.67849	0.678492	0.678492
0.702	0.679182	0.679182	0.67918	0.679182	0.679182
0.703	0.679871	0.679871	0.679869	0.679871	0.679871
0.704	0.680559	0.680559	0.680557	0.680559	0.680559
0.705	0.681245	0.681245	0.681244	0.681245	0.681245
0.706	0.681931	0.681931	0.68193	0.681931	0.681931
0.707	0.682616	0.682616	0.682615	0.682616	0.682616
0.708	0.6833	0.6833	0.683299	0.6833	0.6833
0.709	0.683983	0.683983	0.683982	0.683983	0.683983
0.71	0.684666	0.684666	0.684664	0.684666	0.684666
0.711	0.685347	0.685347	0.685345	0.685347	0.685347
0.712	0.686027	0.686027	0.686025	0.686027	0.686027
0.713	0.686706	0.686706	0.686704	0.686706	0.686706
0.714	0.687384	0.687384	0.687382	0.687384	0.687384
0.715	0.688061	0.688061	0.68806	0.688061	0.688061
0.716	0.688738	0.688738	0.688736	0.688738	0.688738
0.717	0.689413	0.689413	0.689411	0.689413	0.689413
0.718	0.690087	0.690087	0.690086	0.690087	0.690087
0.719	0.690761	0.690761	0.690759	0.690761	0.690761
0.72	0.691433	0.691433	0.691431	0.691433	0.691433
0.721	0.692105	0.692105	0.692103	0.692105	0.692105
0.722	0.692775	0.692775	0.692773	0.692775	0.692775
0.723	0.693445	0.693445	0.693443	0.693445	0.693445
0.724	0.694113	0.694113	0.694111	0.694113	0.694113
0.725	0.694781	0.694781	0.694779	0.694781	0.694781
0.726	0.695447	0.695447	0.695445	0.695447	0.695447
0.727	0.696113	0.696113	0.696111	0.696113	0.696113
0.728	0.696778	0.696778	0.696776	0.696778	0.696778
0.729	0.697441	0.697441	0.697439	0.697441	0.697441
0.73	0.698104	0.698104	0.698102	0.698104	0.698104
0.731	0.698766	0.698766	0.698764	0.698766	0.698766
0.732	0.699427	0.699427	0.699425	0.699427	0.699427
0.733	0.700086	0.700086	0.700085	0.700086	0.700086
0.734	0.700745	0.700745	0.700743	0.700745	0.700745
0.735	0.701403	0.701403	0.701401	0.701403	0.701403
0.736	0.70206	0.70206	0.702058	0.70206	0.70206
0.737	0.702716	0.702716	0.702714	0.702716	0.702716
0.738	0.703371	0.703371	0.703369	0.703371	0.703371
0.739	0.704025	0.704025	0.704023	0.704025	0.704025
0.74	0.704678	0.704678	0.704676	0.704678	0.704678
0.741	0.70533	0.70533	0.705328	0.70533	0.70533
0.742	0.705981	0.705981	0.705979	0.705981	0.705981
0.743	0.706631	0.706631	0.70663	0.706631	0.706631
0.744	0.707281	0.707281	0.707279	0.707281	0.707281
0.745	0.707929	0.707929	0.707927	0.707929	0.707929
0.746	0.708576	0.708576	0.708574	0.708576	0.708576
0.747	0.709222	0.709222	0.709221	0.709223	0.709222
0.748	0.709868	0.709868	0.709866	0.709868	0.709868
0.749	0.710512	0.710512	0.71051	0.710512	0.710512
0.75	0.711156	0.711156	0.711154	0.711156	0.711156
0.751	0.711798	0.711798	0.711796	0.711798	0.711798
0.752	0.71244	0.71244	0.712438	0.71244	0.71244
0.753	0.71308	0.71308	0.713078	0.71308	0.71308
0.754	0.71372	0.71372	0.713718	0.71372	0.71372
0.755	0.714358	0.714358	0.714356	0.714358	0.714358
0.756	0.714996	0.714996	0.714994	0.714996	0.714996
0.757	0.715633	0.715633	0.715631	0.715633	0.715633
0.758	0.716268	0.716268	0.716266	0.716268	0.716268
0.759	0.716903	0.716903	0.716901	0.716903	0.716903
0.76	0.717537	0.717537	0.717535	0.717537	0.717537
0.761	0.71817	0.71817	0.718168	0.71817	0.71817
0.762	0.718801	0.718801	0.7188	0.718801	0.718801
0.763	0.719432	0.719432	0.71943	0.719432	0.719432
0.764	0.720062	0.720062	0.72006	0.720062	0.720062
0.765	0.720691	0.720691	0.720689	0.720691	0.720691
0.766	0.721319	0.721319	0.721317	0.721319	0.721319
0.767	0.721946	0.721946	0.721944	0.721946	0.721946
0.768	0.722572	0.722572	0.72257	0.722572	0.722572
0.769	0.723197	0.723197	0.723196	0.723197	0.723197
0.77	0.723822	0.723822	0.72382	0.723822	0.723822
0.771	0.724445	0.724445	0.724443	0.724445	0.724445
0.772	0.725067	0.725067	0.725065	0.725067	0.725067
0.773	0.725688	0.725688	0.725686	0.725688	0.725688
0.774	0.726309	0.726309	0.726307	0.726309	0.726309
0.775	0.726928	0.726928	0.726926	0.726928	0.726928
0.776	0.727546	0.727546	0.727545	0.727546	0.727546
0.777	0.728164	0.728164	0.728162	0.728164	0.728164
0.778	0.72878	0.72878	0.728778	0.72878	0.72878
0.779	0.729396	0.729396	0.729394	0.729396	0.729396
0.78	0.73001	0.73001	0.730009	0.73001	0.73001
0.781	0.730624	0.730624	0.730622	0.730624	0.730624
0.782	0.731237	0.731237	0.731235	0.731237	0.731237
0.783	0.731848	0.731848	0.731846	0.731848	0.731848
0.784	0.732459	0.732459	0.732457	0.732459	0.732459
0.785	0.733069	0.733069	0.733067	0.733069	0.733069
0.786	0.733678	0.733678	0.733676	0.733678	0.733678
0.787	0.734286	0.734286	0.734284	0.734286	0.734286
0.788	0.734892	0.734892	0.734891	0.734892	0.734892
0.789	0.735498	0.735498	0.735497	0.735498	0.735498
0.79	0.736103	0.736103	0.736102	0.736103	0.736103
0.791	0.736707	0.736707	0.736706	0.736707	0.736707
0.792	0.737311	0.737311	0.737309	0.737311	0.737311
0.793	0.737913	0.737913	0.737911	0.737913	0.737913
0.794	0.738514	0.738514	0.738512	0.738514	0.738514
0.795	0.739114	0.739114	0.739112	0.739114	0.739114
0.796	0.739713	0.739713	0.739712	0.739713	0.739713
0.797	0.740312	0.740312	0.74031	0.740312	0.740312
0.798	0.740909	0.740909	0.740907	0.740909	0.740909
0.799	0.741506	0.741506	0.741504	0.741506	0.741506
0.8	0.742101	0.742101	0.742099	0.742101	0.742101
0.801	0.742695	0.742695	0.742694	0.742695	0.742695
0.802	0.743289	0.743289	0.743287	0.743289	0.743289
0.803	0.743882	0.743882	0.74388	0.743882	0.743882
0.804	0.744473	0.744473	0.744471	0.744473	0.744473
0.805	0.745064	0.745064	0.745062	0.745064	0.745064
0.806	0.745654	0.745654	0.745652	0.745654	0.745654
0.807	0.746243	0.746243	0.746241	0.746243	0.746243
0.808	0.74683	0.74683	0.746829	0.74683	0.74683
0.809	0.747417	0.747417	0.747416	0.747417	0.747417
0.81	0.748003	0.748003	0.748002	0.748003	0.748003
0.811	0.748588	0.748588	0.748587	0.748588	0.748588
0.812	0.749172	0.749172	0.749171	0.749172	0.749172
0.813	0.749755	0.749755	0.749754	0.749755	0.749755
0.814	0.750338	0.750338	0.750336	0.750338	0.750338
0.815	0.750919	0.750919	0.750917	0.750919	0.750919
0.816	0.751499	0.751499	0.751497	0.751499	0.751499
0.817	0.752078	0.752078	0.752077	0.752078	0.752078
0.818	0.752657	0.752657	0.752655	0.752657	0.752657
0.819	0.753234	0.753234	0.753233	0.753234	0.753234
0.82	0.753811	0.753811	0.753809	0.753811	0.753811
0.821	0.754386	0.754386	0.754385	0.754386	0.754386
0.822	0.754961	0.754961	0.754959	0.754961	0.754961
0.823	0.755535	0.755535	0.755533	0.755535	0.755535
0.824	0.756107	0.756107	0.756106	0.756107	0.756107
0.825	0.756679	0.756679	0.756677	0.756679	0.756679
0.826	0.75725	0.75725	0.757248	0.75725	0.75725
0.827	0.75782	0.75782	0.757818	0.75782	0.75782
0.828	0.758389	0.758389	0.758387	0.758389	0.758389
0.829	0.758957	0.758957	0.758955	0.758957	0.758957
0.83	0.759524	0.759524	0.759522	0.759524	0.759524
0.831	0.76009	0.76009	0.760088	0.76009	0.76009
0.832	0.760655	0.760655	0.760654	0.760655	0.760655
0.833	0.761219	0.761219	0.761218	0.761219	0.761219
0.834	0.761783	0.761783	0.761781	0.761783	0.761783
0.835	0.762345	0.762345	0.762344	0.762345	0.762345
0.836	0.762906	0.762906	0.762905	0.762906	0.762906
0.837	0.763467	0.763467	0.763465	0.763467	0.763467
0.838	0.764026	0.764026	0.764025	0.764026	0.764026
0.839	0.764585	0.764585	0.764584	0.764585	0.764585
0.84	0.765143	0.765143	0.765141	0.765143	0.765143
0.841	0.765699	0.765699	0.765698	0.765699	0.765699
0.842	0.766255	0.766255	0.766254	0.766255	0.766255
0.843	0.76681	0.76681	0.766809	0.76681	0.76681
0.844	0.767364	0.767364	0.767363	0.767364	0.767364
0.845	0.767917	0.767917	0.767916	0.767917	0.767917
0.846	0.768469	0.768469	0.768468	0.768469	0.768469
0.847	0.76902	0.76902	0.769019	0.76902	0.76902
0.848	0.76957	0.76957	0.769569	0.76957	0.76957
0.849	0.77012	0.77012	0.770119	0.77012	0.77012
0.85	0.770668	0.770668	0.770667	0.770668	0.770668
0.851	0.771215	0.771215	0.771214	0.771215	0.771215
0.852	0.771762	0.771762	0.771761	0.771762	0.771762
0.853	0.772307	0.772307	0.772306	0.772307	0.772307
0.854	0.772852	0.772852	0.772851	0.772852	0.772852
0.855	0.773396	0.773396	0.773395	0.773396	0.773396
0.856	0.773939	0.773939	0.773938	0.773939	0.773939
0.857	0.77448	0.77448	0.774479	0.77448	0.77448
0.858	0.775021	0.775021	0.77502	0.775021	0.775021
0.859	0.775561	0.775561	0.77556	0.775561	0.775561
0.86	0.7761	0.7761	0.776099	0.7761	0.7761
0.861	0.776638	0.776638	0.776638	0.776638	0.776638
0.862	0.777176	0.777176	0.777175	0.777176	0.777176
0.863	0.777712	0.777712	0.777711	0.777712	0.777712
0.864	0.778247	0.778247	0.778246	0.778247	0.778247
0.865	0.778782	0.778782	0.778781	0.778782	0.778782
0.866	0.779315	0.779315	0.779314	0.779315	0.779315
0.867	0.779848	0.779848	0.779847	0.779848	0.779848
0.868	0.780379	0.780379	0.780379	0.780379	0.780379
0.869	0.78091	0.78091	0.780909	0.78091	0.78091
0.87	0.78144	0.78144	0.781439	0.78144	0.78144
0.871	0.781969	0.781969	0.781968	0.781969	0.781969
0.872	0.782497	0.782497	0.782496	0.782497	0.782497
0.873	0.783024	0.783024	0.783023	0.783024	0.783024
0.874	0.78355	0.78355	0.783549	0.78355	0.78355
0.875	0.784075	0.784075	0.784075	0.784075	0.784075
0.876	0.784599	0.784599	0.784599	0.784599	0.784599
0.877	0.785123	0.785123	0.785122	0.785123	0.785123
0.878	0.785645	0.785645	0.785645	0.785645	0.785645
0.879	0.786167	0.786167	0.786166	0.786167	0.786167
0.88	0.786687	0.786687	0.786687	0.786687	0.786687
0.881	0.787207	0.787207	0.787207	0.787207	0.787207
0.882	0.787726	0.787726	0.787726	0.787726	0.787726
0.883	0.788244	0.788244	0.788244	0.788244	0.788244
0.884	0.788761	0.788761	0.788761	0.788761	0.788761
0.885	0.789277	0.789277	0.789277	0.789277	0.789277
0.886	0.789792	0.789792	0.789792	0.789792	0.789792
0.887	0.790306	0.790306	0.790306	0.790306	0.790306
0.888	0.790819	0.790819	0.79082	0.790819	0.790819
0.889	0.791332	0.791332	0.791332	0.791332	0.791332
0.89	0.791843	0.791843	0.791843	0.791843	0.791843
0.891	0.792354	0.792354	0.792354	0.792354	0.792354
0.892	0.792863	0.792863	0.792864	0.792863	0.792863
0.893	0.793372	0.793372	0.793373	0.793372	0.793372
0.894	0.79388	0.79388	0.793881	0.79388	0.79388
0.895	0.794387	0.794387	0.794388	0.794387	0.794387
0.896	0.794893	0.794893	0.794894	0.794893	0.794893
0.897	0.795398	0.795398	0.795399	0.795398	0.795398
0.898	0.795902	0.795902	0.795903	0.795902	0.795902
0.899	0.796406	0.796406	0.796406	0.796406	0.796406
0.9	0.796908	0.796908	0.796909	0.796908	0.796908
0.901	0.79741	0.79741	0.797411	0.79741	0.79741
0.902	0.79791	0.79791	0.797911	0.79791	0.79791
0.903	0.79841	0.79841	0.798411	0.79841	0.79841
0.904	0.798909	0.798909	0.79891	0.798909	0.798909
0.905	0.799407	0.799407	0.799408	0.799407	0.799407
0.906	0.799904	0.799904	0.799905	0.799904	0.799904
0.907	0.8004	0.8004	0.800401	0.8004	0.8004
0.908	0.800895	0.800895	0.800896	0.800895	0.800895
0.909	0.801389	0.801389	0.801391	0.801389	0.801389
0.91	0.801883	0.801883	0.801884	0.801883	0.801883
0.911	0.802375	0.802375	0.802377	0.802375	0.802375
0.912	0.802867	0.802867	0.802868	0.802867	0.802867
0.913	0.803358	0.803358	0.803359	0.803358	0.803358
0.914	0.803848	0.803848	0.803849	0.803848	0.803848
0.915	0.804336	0.804336	0.804338	0.804336	0.804336
0.916	0.804824	0.804824	0.804826	0.804824	0.804824
0.917	0.805312	0.805312	0.805313	0.805312	0.805312
0.918	0.805798	0.805798	0.8058	0.805798	0.805798
0.919	0.806283	0.806283	0.806285	0.806283	0.806283
0.92	0.806768	0.806768	0.80677	0.806768	0.806768
0.921	0.807251	0.807251	0.807253	0.807251	0.807251
0.922	0.807734	0.807734	0.807736	0.807734	0.807734
0.923	0.808216	0.808216	0.808218	0.808216	0.808216
0.924	0.808697	0.808697	0.808699	0.808697	0.808697
0.925	0.809177	0.809177	0.809179	0.809177	0.809177
0.926	0.809656	0.809656	0.809658	0.809656	0.809656
0.927	0.810134	0.810134	0.810137	0.810134	0.810134
0.928	0.810611	0.810611	0.810614	0.810611	0.810611
0.929	0.811088	0.811088	0.811091	0.811088	0.811088
0.93	0.811564	0.811564	0.811566	0.811564	0.811564
0.931	0.812038	0.812038	0.812041	0.812038	0.812038
0.932	0.812512	0.812512	0.812515	0.812512	0.812512
0.933	0.812985	0.812985	0.812988	0.812985	0.812985
0.934	0.813457	0.813457	0.81346	0.813457	0.813457
0.935	0.813928	0.813928	0.813931	0.813928	0.813928
0.936	0.814399	0.814399	0.814402	0.814399	0.814399
0.937	0.814868	0.814868	0.814871	0.814868	0.814868
0.938	0.815337	0.815337	0.81534	0.815337	0.815337
0.939	0.815804	0.815804	0.815808	0.815804	0.815804
0.94	0.816271	0.816271	0.816275	0.816271	0.816271
0.941	0.816737	0.816737	0.816741	0.816737	0.816737
0.942	0.817202	0.817202	0.817206	0.817202	0.817202
0.943	0.817666	0.817666	0.81767	0.817666	0.817666
0.944	0.818129	0.818129	0.818133	0.818129	0.818129
0.945	0.818592	0.818592	0.818596	0.818592	0.818592
0.946	0.819053	0.819053	0.819057	0.819053	0.819053
0.947	0.819514	0.819514	0.819518	0.819514	0.819514
0.948	0.819974	0.819974	0.819978	0.819974	0.819974
0.949	0.820433	0.820433	0.820437	0.820433	0.820433
0.95	0.820891	0.820891	0.820895	0.820891	0.820891
0.951	0.821348	0.821348	0.821353	0.821348	0.821348
0.952	0.821804	0.821804	0.821809	0.821804	0.821804
0.953	0.82226	0.82226	0.822264	0.82226	0.82226
0.954	0.822714	0.822714	0.822719	0.822714	0.822714
0.955	0.823168	0.823168	0.823173	0.823168	0.823168
0.956	0.823621	0.823621	0.823626	0.823621	0.823621
0.957	0.824073	0.824073	0.824078	0.824073	0.824073
0.958	0.824524	0.824524	0.824529	0.824524	0.824524
0.959	0.824974	0.824974	0.82498	0.824974	0.824974
0.96	0.825424	0.825424	0.825429	0.825424	0.825424
0.961	0.825872	0.825872	0.825878	0.825872	0.825872
0.962	0.82632	0.82632	0.826326	0.82632	0.82632
0.963	0.826767	0.826767	0.826772	0.826767	0.826767
0.964	0.827213	0.827213	0.827218	0.827213	0.827213
0.965	0.827658	0.827658	0.827664	0.827658	0.827658
0.966	0.828102	0.828102	0.828108	0.828102	0.828102
0.967	0.828545	0.828545	0.828552	0.828545	0.828545
0.968	0.828988	0.828988	0.828994	0.828988	0.828988
0.969	0.829429	0.829429	0.829436	0.829429	0.829429
0.97	0.82987	0.82987	0.829877	0.82987	0.82987
0.971	0.83031	0.83031	0.830317	0.83031	0.83031
0.972	0.830749	0.830749	0.830756	0.830749	0.830749
0.973	0.831188	0.831188	0.831195	0.831188	0.831188
0.974	0.831625	0.831625	0.831632	0.831625	0.831625
0.975	0.832062	0.832062	0.832069	0.832062	0.832062
0.976	0.832497	0.832497	0.832505	0.832497	0.832497
0.977	0.832932	0.832932	0.83294	0.832932	0.832932
0.978	0.833366	0.833366	0.833374	0.833366	0.833366
0.979	0.833799	0.833799	0.833807	0.833799	0.833799
0.98	0.834232	0.834232	0.834239	0.834232	0.834232
0.981	0.834663	0.834663	0.834671	0.834663	0.834663
0.982	0.835094	0.835094	0.835102	0.835094	0.835094
0.983	0.835523	0.835523	0.835532	0.835523	0.835523
0.984	0.835952	0.835952	0.835961	0.835952	0.835952
0.985	0.83638	0.83638	0.836389	0.83638	0.83638
0.986	0.836808	0.836808	0.836816	0.836808	0.836808
0.987	0.837234	0.837234	0.837243	0.837234	0.837234
0.988	0.837659	0.837659	0.837668	0.837659	0.837659
0.989	0.838084	0.838084	0.838093	0.838084	0.838084
0.99	0.838508	0.838508	0.838517	0.838508	0.838508
0.991	0.838931	0.838931	0.838941	0.838931	0.838931
0.992	0.839353	0.839353	0.839363	0.839353	0.839353
0.993	0.839775	0.839775	0.839784	0.839775	0.839775
0.994	0.840195	0.840195	0.840205	0.840195	0.840195
0.995	0.840615	0.840615	0.840625	0.840615	0.840615
0.996	0.841034	0.841034	0.841044	0.841034	0.841034
0.997	0.841452	0.841452	0.841462	0.841452	0.841452
0.998	0.841869	0.841869	0.841879	0.841869	0.841869
0.999	0.842285	0.842285	0.842296	0.842285	0.842285
