0.0565067	-0.547695	0.346295	-0.533357	-0.343382	1.08105	-0.00291276	1.09424	-0.220696	-1.09861	-0.246866	0.00436424	0.467562	
0.111065	-0.48757	0.331031	-0.59266	-0.353628	1.08023	0.0225969	1.10677	-0.338829	-1.07224	-0.128756	-0.0345385	0.467585	
0.164663	-0.428291	0.309868	-0.649053	-0.357528	1.07734	0.0476601	1.10259	-0.449917	-1.02931	-0.0177256	-0.0732824	0.467643	
0.218186	-0.369691	0.283033	-0.702673	-0.355723	1.07236	0.07269	1.08512	-0.55112	-0.972037	0.0835031	-0.113078	0.467617	
0.272464	-0.311489	0.250636	-0.753605	-0.3487	1.06509	0.0980645	1.05818	-0.64041	-0.903016	0.173118	-0.155161	0.467292	
0.328312	-0.25328	0.212674	-0.801885	-0.336813	1.05516	0.124139	1.02581	-0.716415	-0.824903	0.250119	-0.20091	0.466296	
0.386598	-0.194476	0.169034	-0.847508	-0.320292	1.04198	0.151259	0.992213	-0.778206	-0.740218	0.314207	-0.251995	0.464	
0.448326	-0.134203	0.11946	-0.890444	-0.299231	1.02465	0.179771	0.961727	-0.824972	-0.651146	0.365664	-0.310581	0.459308	
0.514751	-0.0711372	0.0635406	-0.930625	-0.273549	1.00176	0.210008	0.939016	-0.855473	-0.559415	0.405211	-0.379602	0.450262	
0.587376	-0.00339189	0.000856854	-0.96783	-0.243003	0.971221	0.242146	0.929312	-0.867098	-0.466398	0.433825	-0.462914	0.433273	
0.66699	0.0708121	-0.0678597	-1.00123	-0.207647	0.930418	0.275507	0.938127	-0.854716	-0.374245	0.452559	-0.563882	0.402158	
0.750051	0.149809	-0.137328	-1.02869	-0.169581	0.878885	0.30691	0.967167	-0.812754	-0.288676	0.462795	-0.678491	0.349959	
0.80825	0.505201	-0.340719	-1.07773	-0.0111461	0.572529	0.351865	1.09667	-0.302351	-0.0150849	0.468647	-1.08159	-0.166296	
0.864156	0.566067	-0.354282	-1.07746	0.0150505	0.511388	0.339231	1.07764	-0.182448	0.0249166	0.468537	-1.10256	-0.286089	
0.918767	0.624007	-0.361106	-1.07502	0.0406365	0.451016	0.320469	1.04133	-0.0680676	0.0643038	0.468495	-1.10564	-0.400428	
0.97298	0.679129	-0.361894	-1.07046	0.0660338	0.391329	0.29586	0.989698	0.0375833	0.104329	0.468433	-1.09403	-0.506016	
1.02763	0.731505	-0.357199	-1.06362	0.0916276	0.332115	0.265571	0.925213	0.132271	0.146234	0.468167	-1.07145	-0.600438	
1.08352	0.781168	-0.347438	-1.0542	0.117776	0.273031	0.229662	0.850565	0.214646	0.191367	0.467379	-1.04193	-0.682025	
1.14149	0.828111	-0.332908	-1.04167	0.144823	0.213564	0.188085	0.768383	0.28413	0.241326	0.465529	-1.00971	-0.749659	
1.20247	0.872304	-0.313776	-1.02525	0.173107	0.152947	0.140669	0.681031	0.340799	0.29814	0.461681	-0.979171	-0.80248	
1.2676	0.913693	-0.290052	-1.00371	0.202956	0.0900127	0.0870959	0.590442	0.38524	0.364539	0.454172	-0.954981	-0.839412	
1.33829	0.952129	-0.261571	-0.975174	0.234602	0.023045	0.0269684	0.498124	0.418371	0.444196	0.439956	-0.942319	-0.858327	
1.41565	0.987042	-0.228244	-0.937131	0.267708	-0.0499108	-0.0394642	0.405866	0.441233	0.541063	0.413573	-0.946928	-0.854806	
1.49762	1.01665	-0.191458	-0.888227	0.299877	-0.128428	-0.108419	0.31834	0.454982	0.654075	0.367661	-0.972414	-0.822643	
1.55431	1.07405	-0.0355039	-0.589265	0.354387	-0.484786	-0.318883	0.0387834	0.467178	1.08316	-0.133253	-1.12194	-0.333925	
1.60826	1.07509	-0.010287	-0.530026	0.343957	-0.545065	-0.33367	-0.000180217	0.467579	1.10955	-0.254181	-1.10937	-0.213398	
1.66053	1.0741	0.0141666	-0.471752	0.327614	-0.602344	-0.34178	-0.0379707	0.468033	1.1171	-0.370857	-1.07913	-0.0971759	
1.71206	1.07117	0.0382933	-0.414347	0.30567	-0.656822	-0.343963	-0.0758135	0.468505	1.10874	-0.479838	-1.03292	0.0113329	
1.76368	1.06625	0.0624895	-0.3576	0.278304	-0.708653	-0.340794	-0.114868	0.468888	1.0879	-0.578566	-0.973031	0.109678	
1.8162	1.05914	0.087122	-0.301204	0.245579	-0.757936	-0.332701	-0.156336	0.468976	1.05836	-0.665243	-0.902022	0.196267	
1.87042	1.04945	0.112539	-0.244738	0.207447	-0.804712	-0.319986	-0.201575	0.468412	1.02407	-0.738673	-0.822493	0.270261	
1.92719	1.03659	0.139084	-0.18761	0.163751	-0.848978	-0.302835	-0.252248	0.466583	0.98912	-0.798048	-0.736872	0.331466	
1.98749	1.01965	0.167108	-0.128945	0.114194	-0.8907	-0.281302	-0.310523	0.462413	0.957771	-0.842644	-0.647248	0.38023	
2.05257	0.997233	0.196955	-0.0674304	0.0583181	-0.929802	-0.255273	-0.379356	0.453971	0.934607	-0.871273	-0.55525	0.417303	
2.12392	0.967247	0.228818	-0.00119565	-0.00433358	-0.966051	-0.224484	-0.462641	0.437693	0.924824	-0.881356	-0.462183	0.443663	
2.20226	0.927111	0.262026	0.071482	-0.073022	-0.998593	-0.189004	-0.563729	0.407442	0.933923	-0.867815	-0.370194	0.460373	
2.28398	0.876422	0.293395	0.148875	-0.142406	-1.0253	-0.150989	-0.678469	0.356354	0.963497	-0.825251	-0.285028	0.468897	
2.34147	0.573864	0.340762	0.498777	-0.347173	-1.07264	0.00641185	-1.08589	-0.154273	1.09862	-0.31588	-0.0127297	0.470154	
2.3967	0.513184	0.328958	0.559059	-0.361316	-1.07224	0.0323584	-1.1083	-0.273596	1.08114	-0.195821	0.0271547	0.469417	
2.45065	0.453192	0.311104	0.616529	-0.36877	-1.06972	0.0576662	-1.11281	-0.387697	1.04639	-0.0810601	0.0664167	0.468757	
2.5042	0.393811	0.287478	0.671292	-0.37023	-1.0651	0.082752	-1.10254	-0.493252	0.996249	0.0251895	0.106294	0.468063	
2.55818	0.334826	0.258244	0.723422	-0.36624	-1.05825	0.107996	-1.08117	-0.587813	0.933157	0.120681	0.148012	0.467132	
2.6134	0.275894	0.223461	0.772955	-0.357211	-1.04885	0.13375	-1.05266	-0.669671	0.85976	0.204043	0.192898	0.465629	
2.67067	0.216504	0.18308	0.819893	-0.34343	-1.0364	0.16035	-1.02117	-0.73766	0.778656	0.274666	0.242516	0.462994	
2.73094	0.155893	0.136933	0.864214	-0.325055	-1.02011	0.188123	-0.991031	-0.790868	0.692184	0.332591	0.298847	0.458277	
2.79533	0.0929061	0.0847008	0.905876	-0.302085	-0.998782	0.217384	-0.966808	-0.828176	0.602268	0.378367	0.364539	0.449808	
2.86527	0.0258389	0.0259842	0.944748	-0.274337	-0.970587	0.248353	-0.953551	-0.847443	0.510402	0.412881	0.443149	0.434562	
2.94196	-0.0472948	-0.0390471	0.980304	-0.241668	-0.933009	0.280715	-0.956842	-0.844287	0.418293	0.437138	0.538549	0.407148	
3.02363	-0.126267	-0.106911	1.01081	-0.205291	-0.884545	0.312203	-0.980355	-0.812464	0.330398	0.452213	0.649957	0.360251	
3.08113	-0.487037	-0.315651	1.07208	-0.0481744	-0.585045	0.363825	-1.12024	-0.323532	0.0469977	0.46801	1.07324	-0.144479	
3.13594	-0.548133	-0.330102	1.07357	-0.0224995	-0.525438	0.352601	-1.10599	-0.203014	0.00736317	0.468868	1.09862	-0.265854	
3.1891	-0.606158	-0.3378	1.07294	0.00244803	-0.466784	0.335352	-1.07411	-0.0869205	-0.0311083	0.469769	1.10522	-0.382848	
3.24153	-0.661284	-0.33949	1.0703	0.0271001	-0.40902	0.31239	-1.0263	0.0212917	-0.0696636	0.470691	1.09596	-0.491983	
3.29406	-0.713645	-0.335753	1.06561	0.0518516	-0.351961	0.283902	-0.964883	0.119139	-0.109487	0.471534	1.07437	-0.590673	
3.34751	-0.76332	-0.327031	1.05863	0.0770708	-0.295313	0.24996	-0.892476	0.205025	-0.151812	0.472093	1.04429	-0.677118	
3.40266	-0.81034	-0.313638	1.049	0.103111	-0.238658	0.210527	-0.811713	0.278129	-0.198042	0.472008	1.00975	-0.750137	
3.46038	-0.854697	-0.295774	1.03609	0.130324	-0.181393	0.165451	-0.725044	0.338299	-0.249903	0.470644	0.974947	-0.808943	
3.52168	-0.896353	-0.273503	1.01897	0.159071	-0.122616	0.114432	-0.634562	0.385928	-0.30966	0.466883	0.944222	-0.852811	
3.58781	-0.935225	-0.246716	0.99619	0.189706	-0.0609645	0.0570103	-0.541889	0.421807	-0.380405	0.458693	0.922294	-0.8805	
3.66026	-0.971049	-0.21517	0.965578	0.222402	0.00547041	-0.0072324	-0.448359	0.446947	-0.466164	0.442311	0.914523	-0.889258	
3.7395	-1.00287	-0.179074	0.924598	0.256331	0.0782672	-0.077257	-0.356384	0.462447	-0.570039	0.411335	0.926423	-0.873782	
3.79634	-1.07189	0.0147135	0.571423	0.335074	0.500467	-0.349788	-0.00404868	0.469202	-1.09239	-0.154408	1.09644	-0.314794	
3.851	-1.07103	0.0403327	0.511035	0.323392	0.559997	-0.363725	0.035497	0.468237	-1.11417	-0.273443	1.07867	-0.194794	
3.90444	-1.0681	0.0653348	0.451304	0.305723	0.616791	-0.371058	0.0745127	0.467345	-1.1182	-0.387119	1.04369	-0.0802261	
3.95755	-1.06309	0.0901313	0.392137	0.282336	0.670952	-0.372467	0.114219	0.466406	-1.10762	-0.492183	0.993404	0.0257776	
4.01114	-1.05586	0.115096	0.333314	0.253385	0.722548	-0.368481	0.155829	0.465207	-1.08609	-0.586235	0.930256	0.121028	
4.06601	-1.04609	0.140573	0.274486	0.218922	0.771608	-0.359495	0.200665	0.463401	-1.05754	-0.66759	0.856871	0.204188	
4.12297	-1.03327	0.166891	0.215142	0.178895	0.818127	-0.345786	0.250287	0.460414	-1.02611	-0.735085	0.77582	0.274671	
4.18295	-1.01659	0.194368	0.154514	0.13313	0.862074	-0.327498	0.306678	0.455271	-0.996097	-0.787796	0.68942	0.332526	
4.2471	-0.994838	0.223306	0.0914399	0.0813152	0.903398	-0.304621	0.372489	0.446265	-0.972056	-0.824567	0.599567	0.378302	
4.31681	-0.966173	0.253905	0.0242137	0.0230597	0.941959	-0.276965	0.451276	0.43031	-0.959016	-0.84319	0.507739	0.41288	
4.39327	-0.928081	0.285809	-0.0491239	-0.0414174	0.977205	-0.244391	0.546848	0.401939	-0.962519	-0.83919	0.415671	0.437251	
4.47457	-0.879163	0.316684	-0.128205	-0.10852	1.00737	-0.208163	0.658153	0.353868	-0.986079	-0.80634	0.327925	0.452472	
4.5317	-0.579577	0.365086	-0.487933	-0.313205	1.06751	-0.0518806	1.07687	-0.154476	-1.12188	-0.314735	0.0450032	0.46921	
4.58616	-0.520178	0.353385	-0.548701	-0.327086	1.06888	-0.026299	1.10128	-0.275949	-1.10658	-0.19429	0.00530557	0.47024	
4.63898	-0.46178	0.335713	-0.606363	-0.33428	1.06814	-0.00143296	1.10699	-0.392872	-1.07374	-0.0784365	-0.0332555	0.471308	
4.69107	-0.404315	0.312382	-0.661094	-0.335527	1.06541	0.0231453	1.09698	-0.501795	-1.02506	0.0293972	-0.0719249	0.472397	
4.74326	-0.347593	0.283576	-0.713026	-0.331404	1.06062	0.047828	1.07478	-0.600168	-0.962892	0.126759	-0.111888	0.473408	
4.79635	-0.291317	0.249369	-0.762244	-0.32235	1.05356	0.0729815	1.04425	-0.686226	-0.889862	0.212086	-0.154385	0.47414	
4.85112	-0.235066	0.209722	-0.808781	-0.30868	1.04385	0.098958	1.00943	-0.758818	-0.808602	0.284589	-0.200827	0.474229	
4.90843	-0.178232	0.164482	-0.852632	-0.290592	1.03086	0.126109	0.974509	-0.817184	-0.721554	0.344141	-0.252955	0.473043	
4.96928	-0.119909	0.113348	-0.893762	-0.268146	1.01367	0.154798	0.943851	-0.860613	-0.630794	0.391159	-0.313057	0.469454	
5.03492	-0.0587342	0.055857	-0.932091	-0.241236	0.990825	0.185379	0.922187	-0.887861	-0.537927	0.426448	-0.38426	0.461412	
5.10681	0.00719555	-0.00840088	-0.967348	-0.20962	0.960152	0.218021	0.914908	-0.896144	-0.444282	0.451028	-0.470626	0.445116	
5.18533	0.0793922	-0.0783131	-0.998558	-0.173552	0.919166	0.251865	0.92752	-0.880127	-0.352341	0.466005	-0.575179	0.414122	
5.24127	0.496284	-0.349225	-1.0653	0.0184501	0.569014	0.330775	1.1001	-0.321005	-0.00155957	0.471298	-1.09854	-0.150293	
5.29508	0.555098	-0.363286	-1.06432	0.0437803	0.509224	0.319506	1.08283	-0.201224	0.0378509	0.470196	-1.12068	-0.268972	
5.34771	0.611263	-0.37085	-1.06131	0.0685015	0.450047	0.302348	1.04843	-0.0867821	0.076744	0.469169	-1.12518	-0.382387	
5.40003	0.664884	-0.372581	-1.05626	0.0930214	0.391381	0.27956	0.99879	0.0192238	0.116332	0.468093	-1.11512	-0.487317	
5.45285	0.716032	-0.368995	-1.04903	0.117709	0.333002	0.251287	0.936297	0.114618	0.15782	0.466757	-1.09412	-0.581375	
5.50693	0.764738	-0.360478	-1.0393	0.142904	0.274564	0.217574	0.863546	0.198059	0.20252	0.464814	-1.06607	-0.662873	
5.56309	0.810994	-0.347294	-1.02656	0.168927	0.215562	0.178367	0.783089	0.268944	0.25198	0.461694	-1.03507	-0.730638	
5.62223	0.854772	-0.329586	-1.01001	0.196091	0.155242	0.133495	0.697223	0.327301	0.308165	0.456431	-1.00539	-0.783732	
5.68547	0.896023	-0.307345	-0.988486	0.224692	0.0924633	0.0826528	0.607843	0.373657	0.373706	0.447339	-0.981549	-0.820997	
5.75419	0.934613	-0.280383	-0.960161	0.254925	0.0255473	0.0254579	0.516425	0.408874	0.452134	0.43137	-0.968558	-0.840244	
5.82953	0.970016	-0.248556	-0.922571	0.286449	-0.0474447	-0.0378933	0.424683	0.433925	0.547272	0.403119	-0.971955	-0.837044	
5.90972	1.0005	-0.213064	-0.874304	0.317006	-0.126193	-0.103942	0.337107	0.449818	0.658251	0.355324	-0.995359	-0.805142	
5.96589	1.06294	-0.0595489	-0.578904	0.365489	-0.484037	-0.30594	0.0549668	0.468483	1.07835	-0.151961	-1.13332	-0.316522	
6.01935	1.06483	-0.0344693	-0.520505	0.354136	-0.544324	-0.319667	0.0156638	0.469736	1.10317	-0.273538	-1.11884	-0.196198	
6.07114	1.06466	-0.0101099	-0.463141	0.336929	-0.601515	-0.326819	-0.0224057	0.471016	1.10923	-0.390728	-1.08682	-0.0802882	
6.12215	1.06255	0.0139534	-0.406737	0.314176	-0.655808	-0.32813	-0.0604694	0.472319	1.09941	-0.500098	-1.03894	0.027779	
6.17323	1.05846	0.0381099	-0.351104	0.286059	-0.707358	-0.324169	-0.0996865	0.473564	1.07719	-0.599106	-0.977505	0.125542	
6.22515	1.05222	0.0627239	-0.295951	0.25264	-0.756266	-0.315364	-0.141256	0.474576	1.04633	-0.685987	-0.905077	0.21141	
6.27868	1.04346	0.0881458	-0.240877	0.213877	-0.802578	-0.302023	-0.186531	0.475036	1.0108	-0.759588	-0.824269	0.284553	
6.33466	1.03161	0.114726	-0.185317	0.169611	-0.846298	-0.284337	-0.237162	0.474378	0.974677	-0.819169	-0.737515	0.344791	
6.39404	1.01583	0.142829	-0.128434	0.119542	-0.887395	-0.262371	-0.295302	0.471606	0.942211	-0.864092	-0.646909	0.392485	
6.45805	0.99477	0.172824	-0.0689689	0.0632029	-0.925801	-0.236027	-0.363885	0.46491	0.91797	-0.893305	-0.554085	0.428394	
6.52812	0.966415	0.204963	-0.00511699	8.9079e-05	-0.961298	-0.205052	-0.446814	0.450936	0.907138	-0.904446	-0.460324	0.45351	
6.60511	0.928202	0.23873	0.0649027	-0.069252	-0.993105	-0.169478	-0.547693	0.423793	0.915321	-0.892715	-0.367628	0.468922	
6.68579	0.879425	0.271167	0.139796	-0.139858	-1.01922	-0.131309	-0.663183	0.376467	0.944656	-0.852613	-0.281473	0.476147	
6.74283	0.581831	0.327295	0.482565	-0.353759	-1.0644	0.0264641	-1.08786	-0.121432	1.09372	-0.350652	-0.00585828	0.472084	
6.79759	0.521445	0.317399	0.542173	-0.369671	-1.06362	0.0522713	-1.11451	-0.240579	1.08026	-0.229914	0.0342437	0.470493	
6.85103	0.461585	0.301468	0.599154	-0.378841	-1.06074	0.0773737	-1.12298	-0.355271	1.04935	-0.113728	0.0736298	0.468999	
6.90401	0.402205	0.279783	0.653582	-0.381965	-1.05579	0.102182	-1.11624	-0.462047	1.00271	-0.00542711	0.113534	0.467474	
6.95734	0.34312	0.252524	0.70551	-0.379591	-1.04863	0.127067	-1.09784	-0.558302	0.942669	0.0926042	0.155167	0.465698	
7.0118	0.284015	0.219768	0.75496	-0.372137	-1.03897	0.152369	-1.07166	-0.642176	0.871826	0.178854	0.19983	0.463322	
7.0682	0.224413	0.181495	0.801921	-0.359901	-1.02633	0.178406	-1.0418	-0.712368	0.792763	0.252585	0.249041	0.459783	
7.12743	0.16359	0.137571	0.846367	-0.343055	-1.00996	0.205484	-1.01255	-0.767861	0.707846	0.313725	0.304707	0.454136	
7.19058	0.100452	0.087726	0.888252	-0.321616	-0.988704	0.23389	-0.988398	-0.807483	0.619043	0.362732	0.369355	0.444752	
7.25901	0.0333705	0.0316039	0.927466	-0.295424	-0.960837	0.26382	-0.974272	-0.829138	0.527894	0.400427	0.446379	0.428711	
7.334	-0.0396282	-0.0307098	0.963557	-0.264295	-0.923929	0.295005	-0.975625	-0.828606	0.436028	0.427772	0.539596	0.400834	
7.41429	-0.11867	-0.0962801	0.99495	-0.229165	-0.87628	0.325445	-0.996453	-0.799578	0.347503	0.445716	0.64895	0.353861	
7.47128	-0.481101	-0.300486	1.06063	-0.0739038	-0.579527	0.37439	-1.13035	-0.316188	0.059141	0.468945	1.07121	-0.152757	
7.52549	-0.542064	-0.314382	1.06275	-0.0484382	-0.520686	0.36282	-1.11584	-0.195686	0.0192038	0.470659	1.09664	-0.274973	
7.57795	-0.59984	-0.321592	1.06275	-0.0237019	-0.462907	0.345294	-1.08372	-0.0794185	-0.0194105	0.472385	1.10313	-0.392966	
7.62957	-0.654616	-0.322863	1.06075	0.000730744	-0.406138	0.322132	-1.03561	0.0290834	-0.0579583	0.47414	1.09357	-0.503223	
7.68119	-0.706534	-0.318782	1.05674	0.0252503	-0.350211	0.293532	-0.973817	0.127268	-0.0976204	0.475859	1.07144	-0.603127	
7.73358	-0.755685	-0.309798	1.05054	0.0502233	-0.294854	0.259574	-0.900938	0.21348	-0.139616	0.477384	1.04055	-0.690864	
7.78752	-0.80211	-0.296238	1.04179	0.0760032	-0.23968	0.220235	-0.819622	0.286852	-0.185317	0.478411	1.00494	-0.765262	
7.84382	-0.845806	-0.278318	1.02994	0.102945	-0.184131	0.175373	-0.732349	0.347189	-0.236402	0.478393	0.968751	-0.825582	
7.90344	-0.886741	-0.256124	1.01412	0.131417	-0.12738	0.124707	-0.64125	0.394855	-0.295057	0.476352	0.936308	-0.871207	
7.96756	-0.924841	-0.229584	0.99302	0.161798	-0.0681784	0.0677855	-0.547995	0.43062	-0.364273	0.470501	0.912267	-0.901121	
8.03761	-0.959887	-0.198474	0.964622	0.194351	-0.00473489	0.00412265	-0.453893	0.455494	-0.448036	0.4575	0.901929	-0.912995	
8.11436	-0.991094	-0.162871	0.926395	0.228559	0.0646993	-0.0656883	-0.361	0.470591	-0.55004	0.43144	0.91104	-0.902031	
8.19446	-1.0165	-0.124852	0.877725	0.261425	0.138772	-0.136573	-0.274893	0.477473	-0.666871	0.38523	0.941764	-0.862703	
8.25014	-1.05913	0.0303509	0.583389	0.320308	0.475738	-0.350658	-0.00146179	0.472274	-1.09828	-0.108716	1.09975	-0.363558	
8.30349	-1.05815	0.0555018	0.523962	0.311354	0.53419	-0.366856	0.0380359	0.470511	-1.12626	-0.22758	1.08822	-0.242931	
8.35549	-1.05517	0.0799244	0.465071	0.296529	0.590099	-0.376453	0.076749	0.468851	-1.13599	-0.342269	1.05924	-0.126582	
8.407	-1.05021	0.10403	0.406644	0.276111	0.643571	-0.380142	0.11589	0.467168	-1.13037	-0.44936	1.01448	-0.0178078	
8.45881	-1.04316	0.128188	0.348483	0.250269	0.694678	-0.378458	0.156639	0.465256	-1.11283	-0.546264	0.956195	0.0810078	
8.5117	-1.03373	0.152734	0.290276	0.219072	0.743458	-0.371805	0.200251	0.462789	-1.08716	-0.631109	0.88691	0.16832	
8.56645	-1.02147	0.177979	0.231566	0.182491	0.789909	-0.36047	0.248181	0.459242	-1.05735	-0.702575	0.80917	0.243333	
8.62391	-1.00568	0.204222	0.171676	0.140395	0.834004	-0.344617	0.302239	0.453748	-1.02756	-0.759648	0.725326	0.3059	
8.68513	-0.985292	0.231745	0.109589	0.0925241	0.875703	-0.324269	0.364819	0.444818	-1.00218	-0.801225	0.637365	0.356407	
8.75139	-0.958695	0.260761	0.0437834	0.0385136	0.914912	-0.299275	0.439147	0.429801	-0.985988	-0.825422	0.546841	0.395621	
8.82406	-0.923575	0.291125	-0.0276967	-0.02172	0.951271	-0.269405	0.529082	0.403959	-0.984326	-0.828436	0.455245	0.424477	
8.90256	-0.877922	0.321247	-0.105522	-0.0859892	0.983444	-0.235258	0.635746	0.360202	-1.00175	-0.804082	0.366007	0.44388	
8.95625	-0.527365	0.363751	-0.52929	-0.308461	1.05666	-0.0552902	1.09703	-0.258172	-1.12848	-0.213351	0.0314456	0.471523	
9.00803	-0.470233	0.347301	-0.587055	-0.316476	1.05729	-0.0308246	1.10634	-0.377084	-1.09929	-0.0962449	-0.00705235	0.473329	
9.05883	-0.414153	0.325284	-0.641811	-0.31855	1.05596	-0.00673478	1.09908	-0.488815	-1.05384	0.0136525	-0.0452359	0.475163	
9.10947	-0.358969	0.297914	-0.693722	-0.315285	1.05269	0.0173711	1.07861	-0.590629	-0.994339	0.113649	-0.0842745	0.47698	
9.16071	-0.304424	0.265282	-0.742903	-0.307143	1.04733	0.0418603	1.04867	-0.680606	-0.923322	0.201958	-0.125352	0.478648	
9.21334	-0.250156	0.227376	-0.789417	-0.294461	1.03957	0.0670852	1.0132	-0.757495	-0.843418	0.277587	-0.169778	0.479908	
9.26813	-0.195658	0.184068	-0.833277	-0.277465	1.02894	0.0933975	0.976248	-0.820516	-0.757127	0.340227	-0.219121	0.48029	
9.326	-0.140184	0.135097	-0.874466	-0.25626	1.01465	0.121163	0.94204	-0.869091	-0.66664	0.390134	-0.2754	0.478958	
9.38806	-0.0826158	0.0800345	-0.91293	-0.2308	0.995545	0.150766	0.915052	-0.902392	-0.573705	0.428	-0.341347	0.474393	
9.4557	-0.0213091	0.0183368	-0.948512	-0.200872	0.969821	0.182535	0.900321	-0.91856	-0.479642	0.454787	-0.420679	0.463773	
9.53009	0.045661	-0.0499565	-0.980652	-0.166348	0.934991	0.216304	0.903541	-0.913535	-0.38605	0.471579	-0.517492	0.441956	
9.6094	0.118173	-0.121331	-1.00769	-0.128571	0.889513	0.249901	0.928519	-0.881482	-0.297365	0.479738	-0.631154	0.401743	
9.66616	0.457641	-0.349803	-1.05625	0.0306195	0.598612	0.319183	1.09522	-0.40095	-0.0117353	0.474219	-1.08349	-0.0732686	
9.72039	0.516938	-0.368287	-1.0558	0.0562803	0.538858	0.312007	1.08851	-0.279787	0.0285977	0.47214	-1.11711	-0.192353	
9.77308	0.573729	-0.379918	-1.05326	0.0811065	0.479528	0.298811	1.06409	-0.161804	0.0678515	0.470194	-1.13194	-0.30839	
9.8251	0.628095	-0.385416	-1.04871	0.105517	0.420611	0.279899	1.02336	-0.0505707	0.107274	0.468261	-1.13064	-0.41769	
9.87725	0.680095	-0.385355	-1.04205	0.129885	0.36196	0.25547	0.968467	0.0512648	0.148056	0.466142	-1.11652	-0.517407	
9.93031	0.729754	-0.380173	-1.03306	0.15455	0.303305	0.225623	0.90189	0.141926	0.19144	0.463529	-1.09333	-0.605455	
9.98504	0.777068	-0.370192	-1.0213	0.179825	0.244231	0.190367	0.826202	0.220424	0.238841	0.459928	-1.06504	-0.680352	
10.0423	0.822009	-0.355615	-1.00613	0.206004	0.184119	0.14961	0.743825	0.286456	0.291997	0.454534	-1.03582	-0.74099	
10.103	0.864537	-0.336506	-0.986563	0.233369	0.122026	0.103137	0.656851	0.340295	0.353177	0.445978	-1.01003	-0.786273	
10.1685	0.904578	-0.312761	-0.961112	0.262141	0.0565336	0.0506204	0.566939	0.382635	0.425437	0.431844	-0.992376	-0.814479	
10.2401	0.941858	-0.284149	-0.927583	0.292266	-0.0142753	-0.00811695	0.475546	0.414391	0.512584	0.407806	-0.98813	-0.822197	
10.3179	0.97529	-0.250989	-0.883726	0.322521	-0.0915642	-0.0715327	0.385533	0.436449	0.616721	0.36702	-1.00225	-0.803469	
10.3718	1.05505	-0.0705548	-0.535228	0.370621	-0.519821	-0.300067	0.042863	0.470142	1.0917	-0.243339	-1.13456	-0.226803	
10.4237	1.05627	-0.0461191	-0.478231	0.354891	-0.578042	-0.308772	0.00429408	0.472313	1.10351	-0.363511	-1.10781	-0.108802	
10.4744	1.05553	-0.0221192	-0.422352	0.333565	-0.633177	-0.311445	-0.03372	0.474506	1.0982	-0.477011	-1.06448	0.00250457	
10.5247	1.05286	0.00183944	-0.36746	0.306878	-0.685403	-0.308717	-0.0723505	0.476705	1.07904	-0.580963	-1.00669	0.104259	
10.5756	1.04817	0.026126	-0.313318	0.274945	-0.734848	-0.301071	-0.112762	0.478808	1.0497	-0.673333	-0.936941	0.194524	
10.6276	1.04118	0.0510945	-0.259595	0.237769	-0.781582	-0.288864	-0.15622	0.480604	1.01408	-0.75278	-0.857864	0.272176	
10.6817	1.03145	0.0770966	-0.205828	0.195247	-0.825627	-0.272344	-0.204218	0.481696	0.976222	-0.818487	-0.772004	0.336791	
10.7385	1.01831	0.104498	-0.151343	0.147144	-0.866968	-0.251642	-0.258651	0.48137	0.940276	-0.869903	-0.681625	0.388533	
10.7993	1.00069	0.133687	-0.0951327	0.093062	-0.905557	-0.226749	-0.322067	0.478331	0.910635	-0.906356	-0.588568	0.428025	
10.8654	0.976962	0.165035	-0.0356956	0.0324489	-0.941266	-0.197484	-0.397957	0.470173	0.892171	-0.926367	-0.494214	0.456194	
10.938	0.944766	0.198599	0.0289068	-0.0349585	-0.973673	-0.16364	-0.49056	0.452429	0.890492	-0.926543	-0.399932	0.474114	
11.0164	0.902008	0.232875	0.0994153	-0.106842	-1.00142	-0.126034	-0.601232	0.418132	0.910432	-0.90119	-0.3092	0.483057	
11.0739	0.614105	0.31292	0.438455	-0.34958	-1.05256	0.0366598	-1.07494	-0.0359048	1.0874	-0.439899	-0.0124593	0.475804	
11.1286	0.554117	0.307738	0.498003	-0.370362	-1.05212	0.0626243	-1.11454	-0.154751	1.08602	-0.318449	0.0285222	0.4732	
11.1816	0.494471	0.296448	0.55509	-0.38407	-1.04956	0.0876213	-1.13485	-0.271733	1.06673	-0.199029	0.0681236	0.470762	
11.2337	0.435202	0.279378	0.609787	-0.391458	-1.04499	0.11208	-1.13829	-0.382925	1.03066	-0.085447	0.107628	0.468372	
11.2857	0.3762	0.256757	0.662141	-0.393137	-1.03834	0.13638	-1.12803	-0.485238	0.979798	0.0194033	0.148232	0.465835	
11.3384	0.317227	0.228717	0.712176	-0.38958	-1.0294	0.160863	-1.10772	-0.576372	0.916552	0.113519	0.191163	0.462853	
11.3926	0.257909	0.195299	0.759888	-0.381139	-1.0178	0.185841	-1.08128	-0.654673	0.843492	0.195712	0.237791	0.458961	
11.4491	0.197675	0.15645	0.805249	-0.368051	-1.00292	0.211601	-1.05287	-0.718921	0.763096	0.265511	0.289771	0.45341	
11.5087	0.135666	0.112003	0.848223	-0.350419	-0.983889	0.238416	-1.02678	-0.767999	0.677546	0.323053	0.349237	0.444945	
11.5728	0.070574	0.0616751	0.888749	-0.328183	-0.959323	0.266508	-1.00765	-0.800324	0.588606	0.368943	0.419048	0.431381	
11.6426	0.000570964	0.00523889	0.926626	-0.301127	-0.927197	0.295888	-1.00061	-0.812864	0.497735	0.404052	0.502878	0.408812	
11.7187	-0.075865	-0.0563247	0.961016	-0.269341	-0.885151	0.325666	-1.01086	-0.800051	0.4073	0.429258	0.603563	0.370793	
11.7724	-0.507154	-0.288425	1.04739	-0.0895375	-0.540241	0.377963	-1.14567	-0.240914	0.0557516	0.470962	1.08992	-0.230048	
11.8238	-0.565536	-0.297777	1.04927	-0.0652461	-0.483732	0.363024	-1.12145	-0.122433	0.0170701	0.473636	1.10438	-0.351202	
11.8739	-0.620767	-0.30108	1.04918	-0.0414497	-0.42841	0.34253	-1.08045	-0.0100532	-0.0207916	0.476313	1.10124	-0.46626	
11.9235	-0.673049	-0.298982	1.0472	-0.0177509	-0.374153	0.316732	-1.02465	0.0932128	-0.0590136	0.479012	1.08366	-0.572225	
11.9734	-0.72253	-0.291983	1.04327	0.00622168	-0.320742	0.285761	-0.956485	0.185283	-0.0987456	0.481673	1.05523	-0.666955	
12.0244	-0.769302	-0.280457	1.03717	0.0308231	-0.267868	0.249634	-0.878579	0.264898	-0.141214	0.484132	1.01979	-0.74903	
12.0771	-0.813398	-0.264667	1.02851	0.0564044	-0.215111	0.208263	-0.793493	0.331511	-0.18784	0.486071	0.981333	-0.817582	
12.1324	-0.854814	-0.24477	1.01668	0.0833293	-0.161867	0.161441	-0.703556	0.385183	-0.240404	0.486901	0.94396	-0.872084	
12.1914	-0.89351	-0.220791	1.00075	0.111988	-0.107242	0.108802	-0.610703	0.426455	-0.301276	0.485548	0.911979	-0.912003	
12.2551	-0.929391	-0.192594	0.979283	0.142784	-0.0498919	0.04981	-0.516395	0.456206	-0.373723	0.480009	0.890118	-0.936215	
12.325	-0.962151	-0.159944	0.950116	0.175939	0.0120348	-0.0159948	-0.421879	0.47549	-0.461977	0.46651	0.883856	-0.942	
12.4013	-0.990755	-0.12323	0.910868	0.21057	0.0798875	-0.08734	-0.329783	0.485507	-0.56895	0.438633	0.898733	-0.92414	
12.4554	-1.047	0.0660472	0.572465	0.300088	0.474532	-0.366135	0.0177646	0.47424	-1.11217	-0.106318	1.09441	-0.367923	
12.5076	-1.04505	0.0906896	0.513718	0.291498	0.53133	-0.382188	0.0570458	0.471375	-1.13909	-0.223784	1.08205	-0.247591	
12.5586	-1.04115	0.114665	0.455304	0.277189	0.585848	-0.391853	0.0958376	0.468604	-1.14834	-0.336773	1.0525	-0.131831	
12.5664	-1.04038	0.118316	0.446352	0.274498	0.59403	-0.392814	0.101833	0.468177	-1.14838	-0.353523	1.04654	-0.114653	
